Date,Time,Global_active_power,Global_reactive_power,Voltage,Global_intensity,Sub_metering_1,Sub_metering_2,Sub_metering_3
21/3/2007,20:44:00,2.582,0.230,235.160,11.000,0.000,0.000,0.0
21/3/2007,20:45:00,2.570,0.228,235.820,11.000,0.000,0.000,0.0
21/3/2007,20:46:00,2.458,0.226,236.220,10.400,0.000,0.000,0.0
21/3/2007,20:47:00,2.160,0.202,236.770,9.200,0.000,0.000,0.0
21/3/2007,20:48:00,2.278,0.122,236.950,9.600,0.000,1.000,0.0
21/3/2007,20:49:00,1.782,0.106,238.160,7.600,0.000,0.000,0.0
21/3/2007,20:50:00,1.804,0.112,239.140,7.600,0.000,0.000,0.0
21/3/2007,20:51:00,2.224,0.108,240.060,9.400,0.000,0.000,0.0
21/3/2007,20:52:00,2.232,0.202,239.700,9.800,0.000,0.000,0.0
21/3/2007,20:53:00,3.486,0.418,237.930,15.000,0.000,0.000,0.0
21/3/2007,20:54:00,2.474,0.212,239.440,11.000,0.000,1.000,0.0
21/3/2007,20:55:00,2.498,0.268,239.780,11.000,0.000,0.000,0.0
21/3/2007,20:56:00,3.106,0.380,239.360,13.400,0.000,0.000,0.0
21/3/2007,20:57:00,2.362,0.212,239.840,10.600,0.000,0.000,0.0
21/3/2007,20:58:00,1.480,0.000,240.410,6.200,0.000,0.000,0.0
21/3/2007,20:59:00,1.458,0.000,239.850,6.200,0.000,0.000,0.0
21/3/2007,21:00:00,1.468,0.000,238.840,6.200,0.000,1.000,0.0
21/3/2007,21:01:00,1.440,0.000,237.480,6.200,0.000,0.000,0.0
21/3/2007,21:02:00,1.500,0.000,237.500,6.400,0.000,0.000,0.0
21/3/2007,21:03:00,1.436,0.000,238.150,6.200,0.000,0.000,0.0
21/3/2007,21:04:00,1.460,0.000,237.710,6.200,0.000,0.000,0.0
21/3/2007,21:05:00,1.442,0.000,237.740,6.200,0.000,0.000,0.0
21/3/2007,21:06:00,1.466,0.000,238.560,6.200,0.000,1.000,0.0
21/3/2007,21:07:00,1.454,0.000,239.490,6.200,0.000,0.000,0.0
21/3/2007,21:08:00,1.478,0.000,239.820,6.200,0.000,0.000,0.0
21/3/2007,21:09:00,1.418,0.000,238.480,6.000,0.000,0.000,0.0
21/3/2007,21:10:00,1.406,0.000,239.190,6.000,0.000,0.000,0.0
21/3/2007,21:11:00,1.422,0.000,239.880,6.000,0.000,0.000,0.0
21/3/2007,21:12:00,1.402,0.000,239.960,6.000,0.000,0.000,0.0
21/3/2007,21:13:00,1.418,0.000,239.680,6.000,0.000,1.000,0.0
21/3/2007,21:14:00,1.396,0.000,240.010,5.800,0.000,0.000,0.0
21/3/2007,21:15:00,1.522,0.000,240.230,6.400,0.000,0.000,0.0
21/3/2007,21:16:00,1.716,0.000,239.330,7.200,0.000,0.000,0.0
21/3/2007,21:17:00,1.716,0.000,237.490,7.200,0.000,0.000,0.0
21/3/2007,21:18:00,1.706,0.000,238.460,7.200,0.000,0.000,0.0
21/3/2007,21:19:00,1.720,0.000,237.970,7.200,0.000,1.000,0.0
21/3/2007,21:20:00,1.770,0.000,237.840,7.600,0.000,0.000,0.0
21/3/2007,21:21:00,1.788,0.066,237.440,7.600,0.000,0.000,0.0
21/3/2007,21:22:00,1.774,0.062,237.800,7.400,0.000,0.000,0.0
21/3/2007,21:23:00,1.802,0.066,237.640,7.600,0.000,0.000,0.0
21/3/2007,21:24:00,1.818,0.100,237.270,7.800,0.000,0.000,0.0
21/3/2007,21:25:00,1.898,0.192,237.040,8.000,0.000,1.000,0.0
21/3/2007,21:26:00,1.876,0.190,237.770,8.000,0.000,0.000,0.0
21/3/2007,21:27:00,1.898,0.198,238.480,8.000,0.000,0.000,0.0
21/3/2007,21:28:00,1.876,0.192,238.410,8.000,0.000,0.000,0.0
21/3/2007,21:29:00,1.890,0.196,238.010,8.000,0.000,0.000,0.0
21/3/2007,21:30:00,1.868,0.192,237.990,8.000,0.000,0.000,0.0
21/3/2007,21:31:00,1.880,0.194,237.690,8.000,0.000,1.000,0.0
21/3/2007,21:32:00,1.824,0.148,236.350,7.800,0.000,0.000,0.0
21/3/2007,21:33:00,1.810,0.094,237.500,7.600,0.000,0.000,0.0
21/3/2007,21:34:00,1.798,0.092,238.320,7.600,0.000,0.000,0.0
21/3/2007,21:35:00,1.816,0.096,238.180,7.600,0.000,0.000,0.0
21/3/2007,21:36:00,1.798,0.092,238.310,7.600,0.000,0.000,0.0
21/3/2007,21:37:00,1.538,0.102,238.590,6.600,0.000,0.000,0.0
21/3/2007,21:38:00,1.782,0.096,239.020,7.400,0.000,0.000,0.0
21/3/2007,21:39:00,1.510,0.110,240.260,6.400,0.000,1.000,0.0
21/3/2007,21:40:00,1.510,0.114,240.930,6.400,0.000,0.000,0.0
21/3/2007,21:41:00,1.504,0.112,241.660,6.200,0.000,0.000,0.0
21/3/2007,21:42:00,1.624,0.114,241.540,6.800,0.000,0.000,0.0
21/3/2007,21:43:00,1.494,0.106,240.800,6.200,0.000,0.000,0.0
21/3/2007,21:44:00,1.510,0.110,240.630,6.400,0.000,1.000,0.0
21/3/2007,21:45:00,1.872,0.124,240.670,7.800,0.000,0.000,0.0
21/3/2007,21:46:00,2.014,0.144,240.230,8.400,0.000,0.000,0.0
21/3/2007,21:47:00,2.574,0.148,239.470,10.800,0.000,0.000,0.0
21/3/2007,21:48:00,2.826,0.152,239.320,11.800,0.000,0.000,0.0
21/3/2007,21:49:00,3.100,0.146,239.650,13.000,0.000,0.000,0.0
21/3/2007,21:50:00,3.086,0.094,239.650,13.000,0.000,1.000,0.0
21/3/2007,21:51:00,2.732,0.000,240.520,11.400,0.000,0.000,0.0
21/3/2007,21:52:00,2.828,0.000,240.230,11.800,0.000,0.000,0.0
21/3/2007,21:53:00,2.650,0.000,240.490,11.000,0.000,0.000,0.0
21/3/2007,21:54:00,2.706,0.000,240.430,11.200,0.000,1.000,0.0
21/3/2007,21:55:00,2.388,0.000,239.530,10.000,0.000,1.000,0.0
21/3/2007,21:56:00,1.732,0.000,240.630,7.200,0.000,1.000,0.0
21/3/2007,21:57:00,2.814,0.052,237.960,12.600,0.000,17.000,0.0
21/3/2007,21:58:00,3.990,0.060,236.630,16.800,0.000,37.000,0.0
21/3/2007,21:59:00,3.610,0.056,236.940,15.200,0.000,38.000,0.0
21/3/2007,22:00:00,3.584,0.068,237.100,15.000,0.000,37.000,0.0
21/3/2007,22:01:00,3.666,0.000,237.200,15.400,0.000,39.000,0.0
21/3/2007,22:02:00,3.650,0.000,235.960,15.400,0.000,39.000,0.0
21/3/2007,22:03:00,3.654,0.000,236.920,15.400,0.000,39.000,0.0
21/3/2007,22:04:00,3.736,0.056,237.990,15.600,0.000,40.000,0.0
21/3/2007,22:05:00,4.216,0.134,237.260,17.600,0.000,39.000,0.0
21/3/2007,22:06:00,4.346,0.132,237.210,18.200,0.000,39.000,0.0
21/3/2007,22:07:00,4.364,0.122,237.470,18.200,0.000,39.000,0.0
21/3/2007,22:08:00,2.404,0.096,239.360,10.200,0.000,8.000,0.0
21/3/2007,22:09:00,2.566,0.062,239.340,11.000,0.000,5.000,0.0
21/3/2007,22:10:00,3.546,0.078,239.370,15.600,0.000,25.000,0.0
21/3/2007,22:11:00,1.966,0.112,239.900,8.200,0.000,2.000,0.0
21/3/2007,22:12:00,1.952,0.114,239.900,8.000,0.000,2.000,0.0
21/3/2007,22:13:00,2.112,0.228,239.370,8.800,0.000,2.000,0.0
21/3/2007,22:14:00,2.354,0.234,238.570,10.000,1.000,3.000,0.0
21/3/2007,22:15:00,3.488,0.200,237.450,14.600,1.000,3.000,0.0
21/3/2007,22:16:00,2.498,0.210,238.130,10.800,1.000,3.000,0.0
21/3/2007,22:17:00,2.252,0.248,238.070,9.400,2.000,2.000,0.0
21/3/2007,22:18:00,2.174,0.246,238.080,9.200,1.000,3.000,0.0
21/3/2007,22:19:00,2.308,0.152,238.870,9.600,1.000,1.000,0.0
21/3/2007,22:20:00,4.614,0.092,237.090,19.400,1.000,2.000,0.0
21/3/2007,22:21:00,4.632,0.092,238.900,19.400,2.000,2.000,0.0
21/3/2007,22:22:00,3.500,0.128,241.310,15.200,1.000,3.000,0.0
21/3/2007,22:23:00,2.742,0.122,241.930,11.600,1.000,3.000,0.0
21/3/2007,22:24:00,1.842,0.146,242.570,7.600,2.000,2.000,0.0
21/3/2007,22:25:00,2.864,0.162,241.840,11.800,1.000,2.000,17.0
21/3/2007,22:26:00,2.864,0.176,241.380,11.800,1.000,4.000,18.0
21/3/2007,22:27:00,2.910,0.194,241.960,12.000,1.000,7.000,18.0
21/3/2007,22:28:00,2.242,0.082,242.520,9.200,2.000,4.000,19.0
21/3/2007,22:29:00,2.064,0.062,242.500,8.400,1.000,5.000,18.0
21/3/2007,22:30:00,1.994,0.054,241.100,8.200,1.000,3.000,18.0
21/3/2007,22:31:00,1.802,0.000,241.260,7.400,1.000,1.000,18.0
21/3/2007,22:32:00,1.698,0.058,241.300,7.000,1.000,0.000,17.0
21/3/2007,22:33:00,1.690,0.120,241.610,7.000,1.000,0.000,18.0
21/3/2007,22:34:00,1.898,0.128,240.970,8.200,3.000,0.000,18.0
21/3/2007,22:35:00,3.942,0.152,239.810,16.400,39.000,0.000,18.0
21/3/2007,22:36:00,3.956,0.150,240.680,16.400,39.000,0.000,18.0
21/3/2007,22:37:00,3.926,0.150,240.700,16.200,39.000,0.000,17.0
21/3/2007,22:38:00,3.876,0.150,240.280,16.000,38.000,0.000,18.0
21/3/2007,22:39:00,3.874,0.150,240.130,16.000,39.000,0.000,18.0
21/3/2007,22:40:00,3.892,0.150,240.860,16.000,39.000,0.000,18.0
21/3/2007,22:41:00,3.894,0.150,240.790,16.200,38.000,0.000,17.0
21/3/2007,22:42:00,3.930,0.154,239.100,16.400,39.000,0.000,18.0
21/3/2007,22:43:00,4.172,0.154,240.100,17.400,38.000,0.000,18.0
21/3/2007,22:44:00,4.154,0.154,239.680,17.200,38.000,0.000,17.0
21/3/2007,22:45:00,4.154,0.154,239.690,17.200,39.000,0.000,18.0
21/3/2007,22:46:00,4.124,0.156,238.820,17.200,38.000,0.000,17.0
21/3/2007,22:47:00,4.116,0.156,238.680,17.200,38.000,0.000,18.0
21/3/2007,22:48:00,3.100,0.148,239.890,13.600,23.000,0.000,17.0
21/3/2007,22:49:00,1.648,0.138,240.750,6.800,1.000,0.000,18.0
21/3/2007,22:50:00,1.690,0.062,240.600,7.000,1.000,0.000,18.0
21/3/2007,22:51:00,1.704,0.000,241.530,7.000,2.000,0.000,18.0
21/3/2007,22:52:00,1.710,0.000,242.010,7.000,1.000,0.000,18.0
21/3/2007,22:53:00,1.732,0.000,241.580,7.200,1.000,0.000,18.0
21/3/2007,22:54:00,1.832,0.106,242.790,7.400,1.000,0.000,18.0
21/3/2007,22:55:00,1.840,0.110,243.630,7.600,2.000,0.000,18.0
21/3/2007,22:56:00,1.832,0.108,243.300,7.400,1.000,0.000,18.0
21/3/2007,22:57:00,1.818,0.104,242.330,7.400,1.000,0.000,18.0
21/3/2007,22:58:00,1.814,0.106,242.470,7.400,1.000,0.000,18.0
21/3/2007,22:59:00,1.810,0.106,242.250,7.400,2.000,0.000,18.0
21/3/2007,23:00:00,1.792,0.102,241.580,7.400,1.000,0.000,18.0
21/3/2007,23:01:00,1.790,0.102,241.240,7.400,1.000,0.000,18.0
21/3/2007,23:02:00,1.792,0.104,241.870,7.400,1.000,0.000,18.0
21/3/2007,23:03:00,1.738,0.000,242.840,7.000,2.000,0.000,18.0
21/3/2007,23:04:00,0.968,0.000,244.020,4.400,1.000,0.000,6.0
21/3/2007,23:05:00,0.650,0.000,243.830,2.600,1.000,0.000,0.0
21/3/2007,23:06:00,0.652,0.000,245.730,2.600,1.000,0.000,0.0
21/3/2007,23:07:00,0.656,0.000,246.530,2.600,2.000,0.000,0.0
21/3/2007,23:08:00,0.652,0.000,246.320,2.600,1.000,0.000,0.0
21/3/2007,23:09:00,0.652,0.000,245.850,2.600,1.000,0.000,0.0
21/3/2007,23:10:00,0.600,0.056,245.620,2.400,2.000,0.000,0.0
21/3/2007,23:11:00,0.558,0.118,245.550,2.400,1.000,0.000,0.0
21/3/2007,23:12:00,0.554,0.122,244.360,2.400,1.000,0.000,0.0
21/3/2007,23:13:00,0.556,0.120,244.940,2.400,1.000,0.000,0.0
21/3/2007,23:14:00,0.554,0.120,244.790,2.400,2.000,0.000,0.0
21/3/2007,23:15:00,0.558,0.118,245.440,2.400,1.000,0.000,0.0
21/3/2007,23:16:00,0.556,0.118,245.490,2.400,1.000,0.000,0.0
21/3/2007,23:17:00,0.554,0.120,244.720,2.400,1.000,0.000,0.0
21/3/2007,23:18:00,0.558,0.118,245.930,2.400,2.000,0.000,0.0
21/3/2007,23:19:00,1.046,0.068,244.580,4.400,1.000,0.000,0.0
21/3/2007,23:20:00,1.044,0.048,245.720,4.200,1.000,0.000,0.0
21/3/2007,23:21:00,1.026,0.000,246.170,4.200,2.000,0.000,0.0
21/3/2007,23:22:00,1.172,0.000,245.630,4.800,1.000,0.000,0.0
21/3/2007,23:23:00,1.334,0.000,245.210,5.400,1.000,0.000,0.0
21/3/2007,23:24:00,3.130,0.000,243.550,13.400,1.000,29.000,0.0
21/3/2007,23:25:00,3.376,0.000,243.720,13.800,2.000,38.000,0.0
21/3/2007,23:26:00,2.756,0.000,243.990,12.000,1.000,29.000,0.0
21/3/2007,23:27:00,3.282,0.000,242.450,13.400,1.000,37.000,0.0
21/3/2007,23:28:00,2.710,0.000,241.810,11.800,2.000,29.000,0.0
21/3/2007,23:29:00,3.260,0.000,241.640,13.400,1.000,37.000,0.0
21/3/2007,23:30:00,3.280,0.000,242.610,13.400,1.000,38.000,0.0
21/3/2007,23:31:00,3.308,0.000,243.670,13.400,1.000,37.000,0.0
21/3/2007,23:32:00,3.310,0.000,244.290,13.400,2.000,38.000,0.0
21/3/2007,23:33:00,3.316,0.000,244.380,13.400,1.000,38.000,0.0
21/3/2007,23:34:00,3.380,0.090,244.290,13.800,1.000,38.000,0.0
21/3/2007,23:35:00,3.480,0.286,243.730,14.200,2.000,38.000,0.0
21/3/2007,23:36:00,3.444,0.260,242.590,14.200,1.000,38.000,0.0
21/3/2007,23:37:00,3.470,0.284,243.500,14.200,1.000,37.000,0.0
21/3/2007,23:38:00,3.486,0.272,244.540,14.200,1.000,38.000,0.0
21/3/2007,23:39:00,3.532,0.308,244.280,14.400,2.000,38.000,0.0
21/3/2007,23:40:00,2.636,0.328,245.160,11.000,1.000,24.000,0.0
21/3/2007,23:41:00,2.734,0.332,244.210,11.600,0.000,28.000,0.0
21/3/2007,23:42:00,3.464,0.284,241.410,14.400,1.000,37.000,0.0
21/3/2007,23:43:00,3.234,0.294,241.070,13.600,1.000,32.000,0.0
21/3/2007,23:44:00,2.716,0.294,240.840,11.800,2.000,19.000,5.0
21/3/2007,23:45:00,4.384,0.298,240.520,18.200,1.000,37.000,19.0
21/3/2007,23:46:00,3.716,0.266,241.280,15.600,1.000,29.000,18.0
21/3/2007,23:47:00,3.200,0.212,242.310,13.400,2.000,22.000,18.0
21/3/2007,23:48:00,3.972,0.186,241.830,16.400,1.000,37.000,18.0
21/3/2007,23:49:00,3.048,0.214,242.230,12.800,1.000,24.000,18.0
21/3/2007,23:50:00,3.278,0.216,241.690,13.800,1.000,27.000,18.0
21/3/2007,23:51:00,3.684,0.104,241.270,15.200,1.000,37.000,18.0
21/3/2007,23:52:00,2.592,0.076,242.430,10.800,0.000,21.000,18.0
21/3/2007,23:53:00,3.504,0.056,241.670,14.600,2.000,30.000,18.0
21/3/2007,23:54:00,4.966,0.000,240.810,20.800,31.000,28.000,18.0
21/3/2007,23:55:00,5.070,0.000,240.740,21.200,39.000,22.000,18.0
21/3/2007,23:56:00,5.536,0.000,240.170,23.000,38.000,33.000,18.0
21/3/2007,23:57:00,4.798,0.000,240.840,19.800,39.000,17.000,17.0
21/3/2007,23:58:00,5.880,0.000,240.600,24.400,39.000,37.000,18.0
21/3/2007,23:59:00,4.736,0.078,240.460,19.600,38.000,20.000,18.0
22/3/2007,00:00:00,5.544,0.104,240.680,23.200,39.000,30.000,18.0
22/3/2007,00:01:00,4.960,0.134,240.940,20.600,38.000,23.000,17.0
22/3/2007,00:02:00,5.028,0.106,241.100,21.000,39.000,21.000,18.0
22/3/2007,00:03:00,5.550,0.128,240.730,23.200,39.000,33.000,18.0
22/3/2007,00:04:00,4.664,0.106,240.850,19.400,38.000,15.000,18.0
22/3/2007,00:05:00,5.642,0.124,239.930,23.600,38.000,35.000,17.0
22/3/2007,00:06:00,4.556,0.104,240.210,19.000,39.000,14.000,18.0
22/3/2007,00:07:00,5.628,0.120,239.250,23.600,37.000,35.000,18.0
22/3/2007,00:08:00,4.502,0.108,240.950,18.600,39.000,16.000,17.0
22/3/2007,00:09:00,3.672,0.132,241.060,15.600,6.000,33.000,18.0
22/3/2007,00:10:00,2.122,0.128,243.350,8.800,0.000,14.000,18.0
22/3/2007,00:11:00,1.664,0.154,243.850,6.800,0.000,5.000,19.0
22/3/2007,00:12:00,1.660,0.152,243.680,6.800,0.000,5.000,18.0
22/3/2007,00:13:00,1.672,0.180,243.210,6.800,1.000,5.000,18.0
22/3/2007,00:14:00,1.644,0.134,242.530,6.800,0.000,5.000,18.0
22/3/2007,00:15:00,1.696,0.216,241.760,7.000,0.000,4.000,18.0
22/3/2007,00:16:00,1.730,0.258,240.930,7.200,0.000,5.000,18.0
22/3/2007,00:17:00,1.716,0.274,241.820,7.200,0.000,5.000,17.0
22/3/2007,00:18:00,1.666,0.248,242.560,6.800,0.000,4.000,19.0
22/3/2007,00:19:00,1.574,0.258,242.660,6.600,0.000,1.000,18.0
22/3/2007,00:20:00,1.616,0.322,242.520,6.800,0.000,2.000,18.0
22/3/2007,00:21:00,1.586,0.312,241.710,6.600,0.000,1.000,17.0
22/3/2007,00:22:00,1.606,0.320,242.040,6.600,0.000,1.000,18.0
22/3/2007,00:23:00,1.584,0.314,242.050,6.600,0.000,2.000,18.0
22/3/2007,00:24:00,1.600,0.318,241.850,6.600,0.000,1.000,18.0
22/3/2007,00:25:00,1.576,0.312,241.750,6.600,0.000,1.000,18.0
22/3/2007,00:26:00,1.600,0.320,242.360,6.600,0.000,2.000,18.0
22/3/2007,00:27:00,1.570,0.312,241.670,6.600,0.000,1.000,18.0
22/3/2007,00:28:00,1.594,0.320,242.250,6.600,0.000,2.000,18.0
22/3/2007,00:29:00,1.580,0.320,242.750,6.600,0.000,1.000,18.0
22/3/2007,00:30:00,1.594,0.322,242.410,6.600,0.000,1.000,18.0
22/3/2007,00:31:00,1.452,0.130,242.780,6.000,0.000,2.000,18.0
22/3/2007,00:32:00,1.440,0.082,243.080,5.800,0.000,1.000,18.0
22/3/2007,00:33:00,1.426,0.080,243.610,5.800,0.000,1.000,18.0
22/3/2007,00:34:00,1.442,0.082,243.280,5.800,0.000,2.000,19.0
22/3/2007,00:35:00,1.416,0.076,242.760,5.800,0.000,1.000,18.0
22/3/2007,00:36:00,1.424,0.078,241.770,5.800,0.000,2.000,18.0
22/3/2007,00:37:00,1.428,0.078,242.520,5.800,0.000,1.000,18.0
22/3/2007,00:38:00,1.418,0.076,242.570,5.800,0.000,1.000,18.0
22/3/2007,00:39:00,1.402,0.000,242.640,5.800,0.000,1.000,18.0
22/3/2007,00:40:00,1.352,0.046,243.150,5.400,0.000,0.000,18.0
22/3/2007,00:41:00,1.376,0.000,243.730,5.600,0.000,1.000,18.0
22/3/2007,00:42:00,1.362,0.000,244.200,5.600,0.000,0.000,18.0
22/3/2007,00:43:00,1.392,0.000,243.430,5.600,0.000,0.000,18.0
22/3/2007,00:44:00,1.366,0.000,242.480,5.600,0.000,0.000,18.0
22/3/2007,00:45:00,1.348,0.046,242.770,5.400,0.000,0.000,18.0
22/3/2007,00:46:00,1.302,0.054,242.850,5.200,0.000,0.000,18.0
22/3/2007,00:47:00,1.316,0.048,242.640,5.400,0.000,1.000,19.0
22/3/2007,00:48:00,1.312,0.050,244.110,5.400,0.000,0.000,18.0
22/3/2007,00:49:00,1.334,0.000,244.320,5.400,0.000,0.000,18.0
22/3/2007,00:50:00,1.310,0.052,243.830,5.200,0.000,0.000,18.0
22/3/2007,00:51:00,1.338,0.000,244.630,5.400,0.000,0.000,19.0
22/3/2007,00:52:00,1.314,0.050,244.200,5.400,0.000,0.000,18.0
22/3/2007,00:53:00,1.336,0.000,244.640,5.400,0.000,0.000,18.0
22/3/2007,00:54:00,1.318,0.050,244.590,5.400,0.000,0.000,18.0
22/3/2007,00:55:00,1.334,0.000,244.330,5.400,0.000,1.000,19.0
22/3/2007,00:56:00,1.366,0.000,244.010,5.600,0.000,0.000,18.0
22/3/2007,00:57:00,1.424,0.086,242.600,5.800,0.000,0.000,18.0
22/3/2007,00:58:00,1.404,0.082,242.770,5.800,0.000,0.000,18.0
22/3/2007,00:59:00,1.414,0.086,242.140,5.800,0.000,0.000,18.0
22/3/2007,01:00:00,1.384,0.076,241.180,5.600,0.000,0.000,18.0
22/3/2007,01:01:00,1.394,0.080,240.550,5.800,0.000,1.000,18.0
22/3/2007,01:02:00,1.380,0.078,241.160,5.600,0.000,0.000,17.0
22/3/2007,01:03:00,1.406,0.084,241.870,5.800,0.000,0.000,18.0
22/3/2007,01:04:00,1.380,0.078,241.410,5.600,0.000,0.000,18.0
22/3/2007,01:05:00,1.456,0.144,241.080,6.000,0.000,0.000,18.0
22/3/2007,01:06:00,1.458,0.182,241.290,6.000,0.000,0.000,18.0
22/3/2007,01:07:00,1.470,0.186,241.510,6.000,0.000,1.000,18.0
22/3/2007,01:08:00,1.470,0.186,241.440,6.000,0.000,0.000,18.0
22/3/2007,01:09:00,1.458,0.184,241.900,6.000,0.000,0.000,17.0
22/3/2007,01:10:00,1.478,0.190,242.210,6.000,0.000,0.000,18.0
22/3/2007,01:11:00,1.456,0.186,242.190,6.000,0.000,0.000,18.0
22/3/2007,01:12:00,1.376,0.062,240.990,5.600,0.000,1.000,18.0
22/3/2007,01:13:00,1.342,0.000,240.400,5.600,0.000,0.000,18.0
22/3/2007,01:14:00,0.554,0.062,241.860,3.000,0.000,0.000,5.0
22/3/2007,01:15:00,0.278,0.058,241.320,1.200,0.000,0.000,0.0
22/3/2007,01:16:00,0.274,0.000,241.950,1.200,0.000,0.000,0.0
22/3/2007,01:17:00,0.210,0.000,242.950,0.800,0.000,0.000,0.0
22/3/2007,01:18:00,0.396,0.000,243.210,1.600,0.000,3.000,0.0
22/3/2007,01:19:00,0.422,0.000,243.080,1.600,0.000,4.000,0.0
22/3/2007,01:20:00,0.430,0.000,243.320,1.800,0.000,3.000,0.0
22/3/2007,01:21:00,0.420,0.000,243.010,1.600,0.000,4.000,0.0
22/3/2007,01:22:00,0.428,0.000,243.030,1.800,0.000,3.000,0.0
22/3/2007,01:23:00,0.418,0.000,242.190,1.600,0.000,4.000,0.0
22/3/2007,01:24:00,0.426,0.000,242.070,1.800,0.000,3.000,0.0
22/3/2007,01:25:00,0.422,0.000,243.470,1.600,0.000,4.000,0.0
22/3/2007,01:26:00,0.254,0.000,243.150,1.200,0.000,1.000,0.0
22/3/2007,01:27:00,0.210,0.000,242.890,0.800,0.000,0.000,0.0
22/3/2007,01:28:00,0.230,0.000,243.500,1.000,0.000,0.000,0.0
22/3/2007,01:29:00,0.210,0.000,243.060,0.800,0.000,0.000,0.0
22/3/2007,01:30:00,0.228,0.000,242.780,1.000,0.000,0.000,0.0
22/3/2007,01:31:00,0.222,0.000,243.230,1.000,0.000,0.000,0.0
22/3/2007,01:32:00,0.218,0.000,243.950,1.000,0.000,1.000,0.0
22/3/2007,01:33:00,0.232,0.000,244.900,1.000,0.000,0.000,0.0
22/3/2007,01:34:00,0.212,0.000,243.920,0.800,0.000,0.000,0.0
22/3/2007,01:35:00,0.226,0.000,241.840,1.000,0.000,0.000,0.0
22/3/2007,01:36:00,0.210,0.000,242.930,0.800,0.000,0.000,0.0
22/3/2007,01:37:00,0.228,0.000,243.190,1.000,0.000,1.000,0.0
22/3/2007,01:38:00,0.304,0.058,243.790,1.400,0.000,0.000,0.0
22/3/2007,01:39:00,0.342,0.104,244.780,1.400,0.000,0.000,0.0
22/3/2007,01:40:00,0.320,0.098,244.710,1.400,0.000,0.000,0.0
22/3/2007,01:41:00,0.338,0.106,245.230,1.400,0.000,0.000,0.0
22/3/2007,01:42:00,0.318,0.098,244.780,1.400,0.000,0.000,0.0
22/3/2007,01:43:00,0.334,0.104,244.600,1.400,0.000,1.000,0.0
22/3/2007,01:44:00,0.312,0.094,243.480,1.200,0.000,0.000,0.0
22/3/2007,01:45:00,0.328,0.096,242.780,1.400,0.000,0.000,0.0
22/3/2007,01:46:00,0.308,0.090,242.270,1.200,0.000,0.000,0.0
22/3/2007,01:47:00,0.328,0.100,243.400,1.400,0.000,0.000,0.0
22/3/2007,01:48:00,0.310,0.098,244.250,1.200,0.000,0.000,0.0
22/3/2007,01:49:00,0.328,0.102,244.260,1.400,0.000,1.000,0.0
22/3/2007,01:50:00,0.308,0.100,244.700,1.200,0.000,0.000,0.0
22/3/2007,01:51:00,0.386,0.164,244.790,1.800,0.000,0.000,0.0
22/3/2007,01:52:00,0.384,0.206,244.680,1.800,0.000,0.000,0.0
22/3/2007,01:53:00,0.352,0.134,243.850,1.600,0.000,0.000,0.0
22/3/2007,01:54:00,0.290,0.066,244.430,1.200,0.000,0.000,0.0
22/3/2007,01:55:00,0.308,0.070,244.110,1.200,0.000,0.000,0.0
22/3/2007,01:56:00,0.288,0.066,244.010,1.200,0.000,0.000,0.0
22/3/2007,01:57:00,0.302,0.064,242.510,1.200,0.000,1.000,0.0
22/3/2007,01:58:00,0.282,0.062,242.860,1.200,0.000,0.000,0.0
22/3/2007,01:59:00,0.300,0.066,242.550,1.200,0.000,0.000,0.0
22/3/2007,02:00:00,0.280,0.060,242.140,1.200,0.000,0.000,0.0
22/3/2007,02:01:00,0.302,0.074,244.510,1.200,0.000,0.000,0.0
22/3/2007,02:02:00,0.246,0.000,246.200,1.000,0.000,0.000,0.0
22/3/2007,02:03:00,0.220,0.000,246.980,0.800,0.000,1.000,0.0
22/3/2007,02:04:00,0.234,0.000,246.310,1.000,0.000,0.000,0.0
22/3/2007,02:05:00,0.214,0.000,245.980,0.800,0.000,0.000,0.0
22/3/2007,02:06:00,0.234,0.000,245.910,1.000,0.000,0.000,0.0
22/3/2007,02:07:00,0.214,0.000,245.250,0.800,0.000,0.000,0.0
22/3/2007,02:08:00,0.230,0.000,243.670,1.000,0.000,1.000,0.0
22/3/2007,02:09:00,0.212,0.000,244.770,0.800,0.000,0.000,0.0
22/3/2007,02:10:00,0.232,0.000,245.500,1.000,0.000,0.000,0.0
22/3/2007,02:11:00,0.214,0.000,245.700,0.800,0.000,0.000,0.0
22/3/2007,02:12:00,0.234,0.000,245.700,1.000,0.000,0.000,0.0
22/3/2007,02:13:00,0.214,0.000,245.310,0.800,0.000,0.000,0.0
22/3/2007,02:14:00,0.232,0.000,244.760,1.000,0.000,1.000,0.0
22/3/2007,02:15:00,0.212,0.000,245.160,0.800,0.000,0.000,0.0
22/3/2007,02:16:00,0.232,0.000,245.710,1.000,0.000,0.000,0.0
22/3/2007,02:17:00,0.216,0.000,246.600,0.800,0.000,0.000,0.0
22/3/2007,02:18:00,0.236,0.000,247.610,1.000,0.000,0.000,0.0
22/3/2007,02:19:00,0.214,0.000,246.090,0.800,0.000,0.000,0.0
22/3/2007,02:20:00,0.236,0.000,246.640,1.000,0.000,1.000,0.0
22/3/2007,02:21:00,0.330,0.094,246.620,1.400,0.000,0.000,0.0
22/3/2007,02:22:00,0.346,0.112,246.510,1.400,0.000,0.000,0.0
22/3/2007,02:23:00,0.322,0.102,245.560,1.400,0.000,0.000,0.0
22/3/2007,02:24:00,0.340,0.108,245.420,1.400,0.000,0.000,0.0
22/3/2007,02:25:00,0.320,0.106,246.250,1.400,0.000,0.000,0.0
22/3/2007,02:26:00,0.336,0.108,245.580,1.400,0.000,1.000,0.0
22/3/2007,02:27:00,0.316,0.104,245.870,1.400,0.000,0.000,0.0
22/3/2007,02:28:00,0.336,0.112,246.470,1.400,0.000,0.000,0.0
22/3/2007,02:29:00,0.316,0.106,246.280,1.400,0.000,0.000,0.0
22/3/2007,02:30:00,0.384,0.166,245.500,1.800,0.000,1.000,0.0
22/3/2007,02:31:00,0.406,0.238,246.270,1.800,0.000,1.000,0.0
22/3/2007,02:32:00,0.412,0.246,247.480,1.800,0.000,2.000,0.0
22/3/2007,02:33:00,0.420,0.250,247.800,2.000,0.000,2.000,0.0
22/3/2007,02:34:00,0.402,0.246,248.160,1.800,0.000,1.000,0.0
22/3/2007,02:35:00,0.418,0.250,247.630,2.000,0.000,2.000,0.0
22/3/2007,02:36:00,0.304,0.096,246.540,1.200,0.000,2.000,0.0
22/3/2007,02:37:00,0.362,0.136,247.010,1.800,0.000,1.000,0.0
22/3/2007,02:38:00,0.378,0.204,246.650,1.600,0.000,2.000,0.0
22/3/2007,02:39:00,0.398,0.210,246.550,1.800,0.000,2.000,0.0
22/3/2007,02:40:00,0.380,0.208,247.330,1.600,0.000,1.000,0.0
22/3/2007,02:41:00,0.396,0.210,246.560,1.800,0.000,2.000,0.0
22/3/2007,02:42:00,0.376,0.204,246.760,1.600,0.000,1.000,0.0
22/3/2007,02:43:00,0.390,0.206,246.040,1.800,0.000,2.000,0.0
22/3/2007,02:44:00,0.368,0.202,246.160,1.600,0.000,1.000,0.0
22/3/2007,02:45:00,0.384,0.204,245.530,1.800,0.000,2.000,0.0
22/3/2007,02:46:00,0.364,0.202,246.300,1.600,0.000,1.000,0.0
22/3/2007,02:47:00,0.380,0.204,247.320,1.800,0.000,2.000,0.0
22/3/2007,02:48:00,0.296,0.098,248.030,1.200,0.000,1.000,0.0
22/3/2007,02:49:00,0.314,0.104,248.160,1.400,0.000,2.000,0.0
22/3/2007,02:50:00,0.294,0.100,248.180,1.200,0.000,1.000,0.0
22/3/2007,02:51:00,0.314,0.104,247.970,1.400,0.000,2.000,0.0
22/3/2007,02:52:00,0.292,0.096,247.250,1.200,0.000,1.000,0.0
22/3/2007,02:53:00,0.310,0.098,246.700,1.400,0.000,1.000,0.0
22/3/2007,02:54:00,0.292,0.098,248.200,1.200,0.000,2.000,0.0
22/3/2007,02:55:00,0.312,0.104,247.970,1.400,0.000,1.000,0.0
22/3/2007,02:56:00,0.292,0.098,247.920,1.200,0.000,2.000,0.0
22/3/2007,02:57:00,0.256,0.000,247.130,1.200,0.000,0.000,0.0
22/3/2007,02:58:00,0.218,0.000,247.450,0.800,0.000,0.000,0.0
22/3/2007,02:59:00,0.236,0.000,246.940,1.000,0.000,1.000,0.0
22/3/2007,03:00:00,0.218,0.000,247.640,0.800,0.000,0.000,0.0
22/3/2007,03:01:00,0.234,0.000,246.450,1.000,0.000,0.000,0.0
22/3/2007,03:02:00,0.228,0.000,247.990,1.000,0.000,0.000,0.0
22/3/2007,03:03:00,0.284,0.000,248.040,1.200,0.000,0.000,0.0
22/3/2007,03:04:00,0.352,0.120,248.190,1.400,0.000,0.000,0.0
22/3/2007,03:05:00,0.328,0.116,248.220,1.400,0.000,1.000,0.0
22/3/2007,03:06:00,0.344,0.116,247.310,1.400,0.000,0.000,0.0
22/3/2007,03:07:00,0.322,0.110,247.160,1.400,0.000,0.000,0.0
22/3/2007,03:08:00,0.344,0.120,248.130,1.400,0.000,0.000,0.0
22/3/2007,03:09:00,0.322,0.114,247.870,1.400,0.000,0.000,0.0
22/3/2007,03:10:00,0.334,0.108,245.380,1.400,0.000,1.000,0.0
22/3/2007,03:11:00,0.316,0.108,246.820,1.400,0.000,0.000,0.0
22/3/2007,03:12:00,0.334,0.110,246.050,1.400,0.000,0.000,0.0
22/3/2007,03:13:00,0.314,0.106,246.240,1.400,0.000,0.000,0.0
22/3/2007,03:14:00,0.332,0.112,246.110,1.400,0.000,0.000,0.0
22/3/2007,03:15:00,0.312,0.106,246.330,1.400,0.000,0.000,0.0
22/3/2007,03:16:00,0.330,0.112,246.510,1.400,0.000,1.000,0.0
22/3/2007,03:17:00,0.312,0.108,246.920,1.400,0.000,0.000,0.0
22/3/2007,03:18:00,0.264,0.000,247.330,1.200,0.000,0.000,0.0
22/3/2007,03:19:00,0.218,0.000,248.250,0.800,0.000,0.000,0.0
22/3/2007,03:20:00,0.238,0.000,248.680,1.000,0.000,0.000,0.0
22/3/2007,03:21:00,0.218,0.000,248.640,0.800,0.000,0.000,0.0
22/3/2007,03:22:00,0.238,0.000,248.370,1.000,0.000,0.000,0.0
22/3/2007,03:23:00,0.278,0.000,248.260,1.200,0.000,0.000,0.0
22/3/2007,03:24:00,0.314,0.084,247.830,1.400,0.000,1.000,0.0
22/3/2007,03:25:00,0.292,0.074,246.390,1.200,0.000,0.000,0.0
22/3/2007,03:26:00,0.314,0.080,246.810,1.400,0.000,0.000,0.0
22/3/2007,03:27:00,0.296,0.080,248.270,1.200,0.000,0.000,0.0
22/3/2007,03:28:00,0.314,0.086,247.990,1.400,0.000,0.000,0.0
22/3/2007,03:29:00,0.294,0.082,248.320,1.200,0.000,0.000,0.0
22/3/2007,03:30:00,0.312,0.086,248.030,1.400,0.000,1.000,0.0
22/3/2007,03:31:00,0.290,0.078,247.420,1.200,0.000,0.000,0.0
22/3/2007,03:32:00,0.308,0.082,246.950,1.200,0.000,0.000,0.0
22/3/2007,03:33:00,0.250,0.000,245.840,1.000,0.000,0.000,0.0
22/3/2007,03:34:00,0.220,0.000,246.310,1.000,0.000,0.000,0.0
22/3/2007,03:35:00,0.236,0.000,246.810,1.000,0.000,1.000,0.0
22/3/2007,03:36:00,0.214,0.000,246.030,0.800,0.000,0.000,0.0
22/3/2007,03:37:00,0.234,0.000,246.080,1.000,0.000,0.000,0.0
22/3/2007,03:38:00,0.214,0.000,245.430,0.800,0.000,0.000,0.0
22/3/2007,03:39:00,0.232,0.000,245.380,1.000,0.000,0.000,0.0
22/3/2007,03:40:00,0.212,0.000,244.830,0.800,0.000,0.000,0.0
22/3/2007,03:41:00,0.232,0.000,244.610,1.000,0.000,1.000,0.0
22/3/2007,03:42:00,0.214,0.000,245.620,0.800,0.000,0.000,0.0
22/3/2007,03:43:00,0.234,0.000,246.220,1.000,0.000,0.000,0.0
22/3/2007,03:44:00,0.216,0.000,247.360,0.800,0.000,0.000,0.0
22/3/2007,03:45:00,0.238,0.000,248.030,1.000,0.000,0.000,0.0
22/3/2007,03:46:00,0.216,0.000,247.350,0.800,0.000,0.000,0.0
22/3/2007,03:47:00,0.356,0.106,245.470,1.600,0.000,1.000,0.0
22/3/2007,03:48:00,0.324,0.100,245.150,1.400,0.000,0.000,0.0
22/3/2007,03:49:00,0.340,0.106,245.000,1.400,0.000,0.000,0.0
22/3/2007,03:50:00,0.320,0.104,245.920,1.400,0.000,0.000,0.0
22/3/2007,03:51:00,0.340,0.110,246.060,1.400,0.000,0.000,0.0
22/3/2007,03:52:00,0.320,0.106,246.520,1.400,0.000,0.000,0.0
22/3/2007,03:53:00,0.338,0.112,246.550,1.400,0.000,1.000,0.0
22/3/2007,03:54:00,0.316,0.106,246.410,1.400,0.000,0.000,0.0
22/3/2007,03:55:00,0.332,0.106,244.880,1.400,0.000,0.000,0.0
22/3/2007,03:56:00,0.312,0.102,245.590,1.400,0.000,0.000,0.0
22/3/2007,03:57:00,0.330,0.108,245.150,1.400,0.000,0.000,0.0
22/3/2007,03:58:00,0.310,0.100,244.910,1.200,0.000,0.000,0.0
22/3/2007,03:59:00,0.330,0.108,245.330,1.400,0.000,1.000,0.0
22/3/2007,04:00:00,0.308,0.102,245.040,1.200,0.000,0.000,0.0
22/3/2007,04:01:00,0.288,0.048,244.940,1.200,0.000,0.000,0.0
22/3/2007,04:02:00,0.218,0.000,244.920,1.000,0.000,0.000,0.0
22/3/2007,04:03:00,0.230,0.000,245.470,1.000,0.000,0.000,0.0
22/3/2007,04:04:00,0.232,0.000,245.890,1.000,0.000,0.000,0.0
22/3/2007,04:05:00,0.220,0.000,246.900,0.800,0.000,1.000,0.0
22/3/2007,04:06:00,0.236,0.000,246.140,1.000,0.000,0.000,0.0
22/3/2007,04:07:00,0.216,0.000,246.070,0.800,0.000,0.000,0.0
22/3/2007,04:08:00,0.234,0.000,245.770,1.000,0.000,0.000,0.0
22/3/2007,04:09:00,0.266,0.000,246.360,1.200,0.000,0.000,0.0
22/3/2007,04:10:00,0.310,0.074,244.900,1.400,0.000,1.000,0.0
22/3/2007,04:11:00,0.292,0.072,245.850,1.200,0.000,0.000,0.0
22/3/2007,04:12:00,0.314,0.078,246.110,1.400,0.000,0.000,0.0
22/3/2007,04:13:00,0.294,0.076,246.690,1.200,0.000,0.000,0.0
22/3/2007,04:14:00,0.314,0.084,247.380,1.400,0.000,0.000,0.0
22/3/2007,04:15:00,0.294,0.082,248.150,1.200,0.000,0.000,0.0
22/3/2007,04:16:00,0.312,0.086,247.910,1.400,0.000,1.000,0.0
22/3/2007,04:17:00,0.290,0.076,246.930,1.200,0.000,0.000,0.0
22/3/2007,04:18:00,0.306,0.078,245.670,1.200,0.000,0.000,0.0
22/3/2007,04:19:00,0.220,0.000,245.790,1.000,0.000,0.000,0.0
22/3/2007,04:20:00,0.234,0.000,246.150,1.000,0.000,0.000,0.0
22/3/2007,04:21:00,0.216,0.000,246.570,0.800,0.000,0.000,0.0
22/3/2007,04:22:00,0.236,0.000,246.310,1.000,0.000,1.000,0.0
22/3/2007,04:23:00,0.216,0.000,246.600,0.800,0.000,0.000,0.0
22/3/2007,04:24:00,0.236,0.000,246.310,1.000,0.000,0.000,0.0
22/3/2007,04:25:00,0.214,0.000,245.050,0.800,0.000,0.000,0.0
22/3/2007,04:26:00,0.244,0.000,244.540,1.000,0.000,0.000,0.0
22/3/2007,04:27:00,0.234,0.000,245.070,1.000,0.000,0.000,0.0
22/3/2007,04:28:00,0.250,0.000,245.500,1.000,0.000,0.000,0.0
22/3/2007,04:29:00,0.252,0.000,245.300,1.200,0.000,0.000,0.0
22/3/2007,04:30:00,0.346,0.106,244.880,1.400,0.000,1.000,0.0
22/3/2007,04:31:00,0.324,0.106,245.950,1.400,0.000,0.000,0.0
22/3/2007,04:32:00,0.340,0.110,245.520,1.400,0.000,0.000,0.0
22/3/2007,04:33:00,0.326,0.100,243.970,1.400,0.000,0.000,0.0
22/3/2007,04:34:00,0.328,0.104,244.890,1.400,0.000,0.000,0.0
22/3/2007,04:35:00,0.336,0.108,244.980,1.400,0.000,1.000,0.0
22/3/2007,04:36:00,0.316,0.102,245.070,1.400,0.000,0.000,0.0
22/3/2007,04:37:00,0.334,0.108,245.110,1.400,0.000,0.000,0.0
22/3/2007,04:38:00,0.312,0.098,244.380,1.200,0.000,0.000,0.0
22/3/2007,04:39:00,0.328,0.100,243.670,1.400,0.000,0.000,0.0
22/3/2007,04:40:00,0.308,0.094,243.180,1.200,0.000,0.000,0.0
22/3/2007,04:41:00,0.324,0.098,242.830,1.400,0.000,1.000,0.0
22/3/2007,04:42:00,0.308,0.100,244.830,1.200,0.000,0.000,0.0
22/3/2007,04:43:00,0.330,0.110,245.690,1.400,0.000,0.000,0.0
22/3/2007,04:44:00,0.238,0.000,246.630,1.000,0.000,0.000,0.0
22/3/2007,04:45:00,0.234,0.000,246.170,1.000,0.000,0.000,0.0
22/3/2007,04:46:00,0.214,0.000,245.940,0.800,0.000,0.000,0.0
22/3/2007,04:47:00,0.234,0.000,245.430,1.000,0.000,1.000,0.0
22/3/2007,04:48:00,0.214,0.000,245.060,0.800,0.000,0.000,0.0
22/3/2007,04:49:00,0.234,0.000,245.510,1.000,0.000,0.000,0.0
22/3/2007,04:50:00,0.316,0.094,245.510,1.400,0.000,2.000,0.0
22/3/2007,04:51:00,0.318,0.094,244.940,1.400,0.000,1.000,0.0
22/3/2007,04:52:00,0.296,0.088,245.070,1.200,0.000,2.000,0.0
22/3/2007,04:53:00,0.318,0.094,245.090,1.400,0.000,2.000,0.0
22/3/2007,04:54:00,0.300,0.088,244.970,1.200,0.000,1.000,0.0
22/3/2007,04:55:00,0.328,0.092,243.940,1.400,0.000,2.000,0.0
22/3/2007,04:56:00,0.382,0.196,244.740,1.800,0.000,1.000,0.0
22/3/2007,04:57:00,0.392,0.198,244.140,1.800,0.000,2.000,0.0
22/3/2007,04:58:00,0.374,0.194,244.600,1.600,0.000,1.000,0.0
22/3/2007,04:59:00,0.394,0.200,244.780,1.800,0.000,2.000,0.0
22/3/2007,05:00:00,0.374,0.196,245.100,1.600,0.000,2.000,0.0
22/3/2007,05:01:00,0.392,0.206,245.870,1.800,0.000,1.000,0.0
22/3/2007,05:02:00,0.368,0.196,245.020,1.600,0.000,2.000,0.0
22/3/2007,05:03:00,0.388,0.204,245.880,1.800,0.000,1.000,0.0
22/3/2007,05:04:00,0.376,0.200,245.240,1.800,0.000,2.000,0.0
22/3/2007,05:05:00,0.320,0.120,245.430,1.400,0.000,1.000,0.0
22/3/2007,05:06:00,0.318,0.096,245.710,1.400,0.000,2.000,0.0
22/3/2007,05:07:00,0.300,0.092,245.960,1.200,0.000,1.000,0.0
22/3/2007,05:08:00,0.312,0.092,244.730,1.400,0.000,2.000,0.0
22/3/2007,05:09:00,0.286,0.084,243.650,1.200,0.000,1.000,0.0
22/3/2007,05:10:00,0.308,0.092,244.790,1.400,0.000,2.000,0.0
22/3/2007,05:11:00,0.288,0.086,244.760,1.200,0.000,1.000,0.0
22/3/2007,05:12:00,0.316,0.096,244.980,1.400,0.000,2.000,0.0
22/3/2007,05:13:00,0.406,0.228,244.960,1.800,0.000,1.000,0.0
22/3/2007,05:14:00,0.418,0.238,245.880,2.000,0.000,1.000,0.0
22/3/2007,05:15:00,0.394,0.230,245.450,1.800,0.000,2.000,0.0
22/3/2007,05:16:00,0.370,0.162,245.420,1.600,0.000,1.000,0.0
22/3/2007,05:17:00,0.318,0.102,245.300,1.400,0.000,0.000,0.0
22/3/2007,05:18:00,0.336,0.108,245.160,1.400,0.000,0.000,0.0
22/3/2007,05:19:00,0.314,0.098,244.080,1.400,0.000,0.000,0.0
22/3/2007,05:20:00,0.330,0.102,243.920,1.400,0.000,0.000,0.0
22/3/2007,05:21:00,0.318,0.100,244.680,1.400,0.000,0.000,0.0
22/3/2007,05:22:00,0.338,0.108,245.180,1.400,0.000,1.000,0.0
22/3/2007,05:23:00,0.314,0.096,243.500,1.400,0.000,0.000,0.0
22/3/2007,05:24:00,0.330,0.096,242.260,1.400,0.000,0.000,0.0
22/3/2007,05:25:00,0.314,0.100,244.510,1.400,0.000,0.000,0.0
22/3/2007,05:26:00,0.332,0.104,244.260,1.400,0.000,0.000,0.0
22/3/2007,05:27:00,0.236,0.000,245.100,1.000,0.000,0.000,0.0
22/3/2007,05:28:00,0.234,0.000,246.430,1.000,0.000,1.000,0.0
22/3/2007,05:29:00,0.214,0.000,246.620,0.800,0.000,0.000,0.0
22/3/2007,05:30:00,0.236,0.000,247.530,1.000,0.000,0.000,0.0
22/3/2007,05:31:00,0.214,0.000,246.840,0.800,0.000,0.000,0.0
22/3/2007,05:32:00,0.234,0.000,246.660,1.000,0.000,0.000,0.0
22/3/2007,05:33:00,0.214,0.000,245.900,0.800,0.000,0.000,0.0
22/3/2007,05:34:00,0.232,0.000,245.390,1.000,0.000,0.000,0.0
22/3/2007,05:35:00,0.230,0.000,247.230,1.000,0.000,0.000,0.0
22/3/2007,05:36:00,0.226,0.000,247.230,1.000,0.000,1.000,0.0
22/3/2007,05:37:00,0.240,0.000,246.150,1.000,0.000,0.000,0.0
22/3/2007,05:38:00,0.220,0.000,245.120,0.800,0.000,0.000,0.0
22/3/2007,05:39:00,0.238,0.000,244.500,1.000,0.000,0.000,0.0
22/3/2007,05:40:00,0.218,0.000,244.810,0.800,0.000,0.000,0.0
22/3/2007,05:41:00,0.236,0.000,244.590,1.000,0.000,1.000,0.0
22/3/2007,05:42:00,0.256,0.000,244.650,1.200,0.000,0.000,0.0
22/3/2007,05:43:00,0.316,0.076,245.440,1.400,0.000,0.000,0.0
22/3/2007,05:44:00,0.288,0.070,245.250,1.200,0.000,0.000,0.0
22/3/2007,05:45:00,0.308,0.072,244.440,1.200,0.000,0.000,0.0
22/3/2007,05:46:00,0.288,0.066,244.470,1.200,0.000,0.000,0.0
22/3/2007,05:47:00,0.308,0.074,244.960,1.200,0.000,1.000,0.0
22/3/2007,05:48:00,0.286,0.066,244.630,1.200,0.000,0.000,0.0
22/3/2007,05:49:00,0.304,0.074,245.290,1.200,0.000,0.000,0.0
22/3/2007,05:50:00,0.286,0.074,246.510,1.200,0.000,0.000,0.0
22/3/2007,05:51:00,0.312,0.082,246.970,1.400,0.000,0.000,0.0
22/3/2007,05:52:00,0.226,0.000,245.650,1.000,0.000,0.000,0.0
22/3/2007,05:53:00,0.240,0.000,246.510,1.000,0.000,1.000,0.0
22/3/2007,05:54:00,0.218,0.000,245.350,0.800,0.000,0.000,0.0
22/3/2007,05:55:00,0.264,0.000,246.200,1.200,0.000,0.000,0.0
22/3/2007,05:56:00,0.332,0.102,245.410,1.400,0.000,0.000,0.0
22/3/2007,05:57:00,0.350,0.110,246.000,1.400,0.000,0.000,0.0
22/3/2007,05:58:00,0.326,0.100,245.390,1.400,0.000,0.000,0.0
22/3/2007,05:59:00,0.348,0.110,246.650,1.400,0.000,1.000,0.0
22/3/2007,06:00:00,0.326,0.108,247.290,1.400,0.000,0.000,0.0
22/3/2007,06:01:00,0.342,0.106,245.420,1.400,0.000,0.000,0.0
22/3/2007,06:02:00,0.322,0.106,246.680,1.400,0.000,0.000,0.0
22/3/2007,06:03:00,0.342,0.114,247.030,1.400,0.000,0.000,0.0
22/3/2007,06:04:00,0.326,0.110,246.890,1.400,0.000,0.000,0.0
22/3/2007,06:05:00,0.334,0.112,246.670,1.400,0.000,1.000,0.0
22/3/2007,06:06:00,0.334,0.108,245.560,1.400,0.000,0.000,0.0
22/3/2007,06:07:00,0.314,0.100,244.770,1.400,0.000,0.000,0.0
22/3/2007,06:08:00,0.332,0.104,244.650,1.400,0.000,0.000,0.0
22/3/2007,06:09:00,0.312,0.102,245.200,1.200,0.000,0.000,0.0
22/3/2007,06:10:00,0.254,0.000,245.120,1.000,0.000,1.000,0.0
22/3/2007,06:11:00,0.218,0.000,245.580,0.800,0.000,0.000,0.0
22/3/2007,06:12:00,0.238,0.000,246.600,1.000,0.000,0.000,0.0
22/3/2007,06:13:00,0.218,0.000,245.490,0.800,0.000,0.000,0.0
22/3/2007,06:14:00,0.236,0.000,245.080,1.000,0.000,0.000,0.0
22/3/2007,06:15:00,0.216,0.000,244.720,0.800,0.000,0.000,0.0
22/3/2007,06:16:00,0.234,0.000,243.760,1.000,0.000,1.000,0.0
22/3/2007,06:17:00,0.216,0.000,245.320,0.800,0.000,0.000,0.0
22/3/2007,06:18:00,0.236,0.000,245.030,1.000,0.000,0.000,0.0
22/3/2007,06:19:00,0.218,0.000,245.560,0.800,0.000,0.000,0.0
22/3/2007,06:20:00,0.238,0.000,246.200,1.000,0.000,0.000,0.0
22/3/2007,06:21:00,0.218,0.000,246.110,0.800,0.000,0.000,0.0
22/3/2007,06:22:00,0.234,0.000,244.480,1.000,0.000,1.000,0.0
22/3/2007,06:23:00,0.214,0.000,244.240,0.800,0.000,0.000,0.0
22/3/2007,06:24:00,0.234,0.000,244.330,1.000,0.000,0.000,0.0
22/3/2007,06:25:00,0.216,0.000,244.750,0.800,0.000,0.000,0.0
22/3/2007,06:26:00,0.234,0.000,243.990,1.000,0.000,0.000,0.0
22/3/2007,06:27:00,0.254,0.000,244.670,1.000,0.000,0.000,0.0
22/3/2007,06:28:00,0.322,0.000,243.920,1.400,0.000,1.000,0.0
22/3/2007,06:29:00,0.324,0.000,243.080,1.400,0.000,0.000,0.0
22/3/2007,06:30:00,0.398,0.090,244.200,1.600,0.000,0.000,0.0
22/3/2007,06:31:00,0.376,0.080,243.060,1.600,0.000,0.000,0.0
22/3/2007,06:32:00,0.396,0.086,243.170,1.600,0.000,0.000,0.0
22/3/2007,06:33:00,0.376,0.080,243.140,1.600,0.000,0.000,0.0
22/3/2007,06:34:00,0.392,0.086,243.450,1.600,0.000,0.000,0.0
22/3/2007,06:35:00,0.376,0.082,243.100,1.600,0.000,0.000,0.0
22/3/2007,06:36:00,0.376,0.084,243.300,1.600,0.000,1.000,0.0
22/3/2007,06:37:00,0.384,0.084,242.920,1.600,0.000,0.000,0.0
22/3/2007,06:38:00,0.750,0.074,242.430,3.400,0.000,0.000,0.0
22/3/2007,06:39:00,2.452,0.154,238.940,11.600,0.000,0.000,0.0
22/3/2007,06:40:00,4.382,0.066,237.580,18.400,0.000,0.000,0.0
22/3/2007,06:41:00,5.574,0.048,237.440,23.400,0.000,1.000,0.0
22/3/2007,06:42:00,4.714,0.050,238.350,19.800,0.000,0.000,0.0
22/3/2007,06:43:00,2.468,0.078,241.830,11.600,0.000,0.000,0.0
22/3/2007,06:44:00,1.590,0.088,242.870,6.400,0.000,0.000,0.0
22/3/2007,06:45:00,2.954,0.126,241.180,12.200,0.000,0.000,0.0
22/3/2007,06:46:00,2.508,0.094,241.830,10.600,0.000,0.000,12.0
22/3/2007,06:47:00,2.424,0.124,243.080,10.000,0.000,1.000,19.0
22/3/2007,06:48:00,2.764,0.116,243.380,11.200,0.000,0.000,18.0
22/3/2007,06:49:00,2.824,0.118,242.900,11.600,0.000,0.000,19.0
22/3/2007,06:50:00,2.780,0.110,242.150,11.400,0.000,0.000,18.0
22/3/2007,06:51:00,2.992,0.126,242.480,12.400,0.000,0.000,18.0
22/3/2007,06:52:00,3.342,0.122,241.590,13.800,0.000,0.000,18.0
22/3/2007,06:53:00,3.534,0.098,241.020,14.600,0.000,1.000,18.0
22/3/2007,06:54:00,3.390,0.000,239.520,14.000,0.000,0.000,17.0
22/3/2007,06:55:00,3.440,0.000,240.660,14.200,0.000,0.000,18.0
22/3/2007,06:56:00,3.138,0.000,240.710,13.000,0.000,0.000,18.0
22/3/2007,06:57:00,2.934,0.000,240.870,12.200,0.000,0.000,18.0
22/3/2007,06:58:00,3.146,0.000,241.400,13.000,0.000,0.000,18.0
22/3/2007,06:59:00,3.048,0.000,241.480,12.600,0.000,1.000,18.0
22/3/2007,07:00:00,2.996,0.000,240.310,12.400,0.000,0.000,17.0
22/3/2007,07:01:00,2.974,0.000,238.610,12.400,0.000,0.000,18.0
22/3/2007,07:02:00,2.960,0.000,239.130,12.400,0.000,0.000,17.0
22/3/2007,07:03:00,2.988,0.000,239.200,12.400,0.000,0.000,18.0
22/3/2007,07:04:00,2.972,0.000,239.190,12.400,0.000,0.000,17.0
22/3/2007,07:05:00,3.066,0.000,238.820,12.800,0.000,1.000,18.0
22/3/2007,07:06:00,2.832,0.000,238.540,11.800,0.000,0.000,17.0
22/3/2007,07:07:00,1.976,0.000,238.690,8.200,0.000,0.000,18.0
22/3/2007,07:08:00,1.974,0.000,237.140,8.200,0.000,0.000,17.0
22/3/2007,07:09:00,2.108,0.000,237.360,8.800,0.000,0.000,17.0
22/3/2007,07:10:00,2.116,0.000,236.590,8.800,0.000,0.000,17.0
22/3/2007,07:11:00,2.136,0.000,235.530,9.000,0.000,0.000,18.0
22/3/2007,07:12:00,2.448,0.170,237.540,10.200,0.000,2.000,17.0
22/3/2007,07:13:00,2.488,0.208,240.180,10.400,0.000,1.000,17.0
22/3/2007,07:14:00,2.500,0.210,239.670,10.400,0.000,2.000,18.0
22/3/2007,07:15:00,2.530,0.202,239.070,10.600,0.000,2.000,18.0
22/3/2007,07:16:00,2.694,0.192,238.140,11.200,0.000,1.000,17.0
22/3/2007,07:17:00,2.686,0.178,237.510,11.200,0.000,2.000,17.0
22/3/2007,07:18:00,2.700,0.186,236.940,11.400,0.000,1.000,18.0
22/3/2007,07:19:00,3.842,0.170,236.630,16.400,0.000,2.000,17.0
22/3/2007,07:20:00,3.692,0.182,238.480,15.400,0.000,1.000,17.0
22/3/2007,07:21:00,3.702,0.220,238.250,15.600,0.000,2.000,18.0
22/3/2007,07:22:00,3.704,0.256,236.410,15.600,0.000,2.000,17.0
22/3/2007,07:23:00,4.132,0.194,236.130,17.600,0.000,1.000,17.0
22/3/2007,07:24:00,3.526,0.196,238.020,15.600,0.000,1.000,17.0
22/3/2007,07:25:00,2.288,0.194,239.190,9.600,0.000,2.000,18.0
22/3/2007,07:26:00,2.250,0.196,239.450,9.400,0.000,1.000,17.0
22/3/2007,07:27:00,2.224,0.204,240.640,9.200,0.000,1.000,18.0
22/3/2007,07:28:00,2.184,0.204,240.480,9.000,0.000,2.000,18.0
22/3/2007,07:29:00,2.190,0.206,240.730,9.000,0.000,1.000,18.0
22/3/2007,07:30:00,2.364,0.326,240.090,9.800,0.000,1.000,17.0
22/3/2007,07:31:00,2.146,0.206,240.890,8.800,0.000,2.000,18.0
22/3/2007,07:32:00,2.186,0.204,240.760,9.000,0.000,1.000,18.0
22/3/2007,07:33:00,2.354,0.204,241.030,9.800,0.000,1.000,18.0
22/3/2007,07:34:00,2.296,0.200,240.310,9.600,0.000,1.000,17.0
22/3/2007,07:35:00,2.250,0.200,239.820,9.400,0.000,2.000,18.0
22/3/2007,07:36:00,2.312,0.176,239.010,9.600,0.000,1.000,17.0
22/3/2007,07:37:00,2.490,0.060,238.210,10.400,0.000,1.000,18.0
22/3/2007,07:38:00,2.418,0.000,238.850,10.000,0.000,1.000,17.0
22/3/2007,07:39:00,2.398,0.056,239.220,10.000,0.000,0.000,18.0
22/3/2007,07:40:00,2.254,0.000,238.810,9.400,0.000,0.000,17.0
22/3/2007,07:41:00,2.126,0.000,239.420,9.000,0.000,0.000,18.0
22/3/2007,07:42:00,1.876,0.068,239.440,7.800,0.000,0.000,18.0
22/3/2007,07:43:00,1.884,0.068,239.850,7.800,0.000,0.000,17.0
22/3/2007,07:44:00,1.886,0.068,239.330,7.800,0.000,0.000,18.0
22/3/2007,07:45:00,1.708,0.052,239.630,7.000,0.000,0.000,17.0
22/3/2007,07:46:00,1.588,0.148,240.330,6.600,0.000,0.000,18.0
22/3/2007,07:47:00,1.370,0.000,239.690,5.600,0.000,0.000,18.0
22/3/2007,07:48:00,1.454,0.062,239.660,6.000,0.000,0.000,17.0
22/3/2007,07:49:00,1.456,0.062,240.140,6.000,0.000,0.000,18.0
22/3/2007,07:50:00,1.386,0.062,239.880,5.800,0.000,0.000,18.0
22/3/2007,07:51:00,1.272,0.058,240.800,5.200,0.000,0.000,17.0
22/3/2007,07:52:00,1.290,0.056,241.840,5.200,0.000,0.000,18.0
22/3/2007,07:53:00,1.286,0.056,241.550,5.200,0.000,0.000,18.0
22/3/2007,07:54:00,1.378,0.056,242.180,5.600,0.000,0.000,18.0
22/3/2007,07:55:00,1.332,0.054,243.000,5.400,0.000,0.000,18.0
22/3/2007,07:56:00,1.328,0.000,241.940,5.400,0.000,0.000,18.0
22/3/2007,07:57:00,1.354,0.046,241.610,5.600,0.000,0.000,18.0
22/3/2007,07:58:00,1.348,0.000,240.830,5.600,0.000,0.000,18.0
22/3/2007,07:59:00,1.338,0.000,239.880,5.600,0.000,0.000,17.0
22/3/2007,08:00:00,1.360,0.000,241.370,5.600,0.000,0.000,18.0
22/3/2007,08:01:00,1.358,0.046,241.370,5.600,0.000,0.000,18.0
22/3/2007,08:02:00,1.362,0.046,241.780,5.600,0.000,0.000,18.0
22/3/2007,08:03:00,1.348,0.000,240.720,5.600,0.000,0.000,18.0
22/3/2007,08:04:00,1.474,0.138,240.330,6.200,0.000,0.000,18.0
22/3/2007,08:05:00,1.544,0.170,239.210,6.400,0.000,0.000,17.0
22/3/2007,08:06:00,1.530,0.166,238.370,6.400,0.000,0.000,18.0
22/3/2007,08:07:00,1.532,0.168,238.820,6.400,0.000,0.000,17.0
22/3/2007,08:08:00,1.480,0.070,239.760,6.000,0.000,0.000,18.0
22/3/2007,08:09:00,1.472,0.068,239.250,6.000,0.000,0.000,17.0
22/3/2007,08:10:00,1.464,0.066,238.640,6.000,0.000,0.000,18.0
22/3/2007,08:11:00,1.470,0.068,239.260,6.000,0.000,0.000,17.0
22/3/2007,08:12:00,1.472,0.068,239.530,6.000,0.000,0.000,18.0
22/3/2007,08:13:00,1.446,0.062,237.990,6.000,0.000,0.000,17.0
22/3/2007,08:14:00,1.450,0.064,238.440,6.000,0.000,0.000,18.0
22/3/2007,08:15:00,1.454,0.066,238.790,6.000,0.000,0.000,17.0
22/3/2007,08:16:00,1.452,0.064,238.260,6.000,0.000,0.000,18.0
22/3/2007,08:17:00,1.464,0.066,239.130,6.000,0.000,0.000,17.0
22/3/2007,08:18:00,1.480,0.072,240.710,6.000,0.000,0.000,18.0
22/3/2007,08:19:00,1.462,0.052,240.230,6.000,0.000,0.000,18.0
22/3/2007,08:20:00,1.366,0.064,238.720,5.600,0.000,0.000,17.0
22/3/2007,08:21:00,1.366,0.064,239.210,5.600,0.000,0.000,18.0
22/3/2007,08:22:00,1.370,0.062,239.720,5.600,0.000,0.000,17.0
22/3/2007,08:23:00,1.378,0.060,240.520,5.600,0.000,0.000,18.0
22/3/2007,08:24:00,1.364,0.064,238.940,5.600,0.000,0.000,17.0
22/3/2007,08:25:00,1.364,0.064,238.620,5.600,0.000,0.000,18.0
22/3/2007,08:26:00,1.366,0.064,238.680,5.600,0.000,0.000,17.0
22/3/2007,08:27:00,1.374,0.062,239.430,5.600,0.000,0.000,18.0
22/3/2007,08:28:00,1.384,0.060,240.460,5.600,0.000,0.000,18.0
22/3/2007,08:29:00,1.394,0.058,241.670,5.600,0.000,0.000,18.0
22/3/2007,08:30:00,1.694,0.062,241.030,7.000,0.000,0.000,17.0
22/3/2007,08:31:00,1.868,0.064,241.520,7.600,0.000,0.000,18.0
22/3/2007,08:32:00,1.882,0.064,241.850,7.800,0.000,0.000,18.0
22/3/2007,08:33:00,1.888,0.064,241.780,7.800,0.000,0.000,18.0
22/3/2007,08:34:00,1.886,0.064,241.720,7.800,0.000,0.000,18.0
22/3/2007,08:35:00,1.878,0.064,241.090,7.800,0.000,0.000,18.0
22/3/2007,08:36:00,1.896,0.062,242.470,7.800,0.000,0.000,18.0
22/3/2007,08:37:00,1.898,0.062,242.750,7.800,0.000,0.000,18.0
22/3/2007,08:38:00,1.894,0.062,242.720,7.800,0.000,0.000,18.0
22/3/2007,08:39:00,1.526,0.052,242.540,6.400,0.000,0.000,18.0
22/3/2007,08:40:00,1.296,0.046,243.260,5.200,0.000,0.000,18.0
22/3/2007,08:41:00,1.302,0.046,243.100,5.200,0.000,0.000,18.0
22/3/2007,08:42:00,3.702,0.066,240.150,15.800,0.000,0.000,18.0
22/3/2007,08:43:00,4.094,0.000,237.660,17.200,0.000,0.000,17.0
22/3/2007,08:44:00,3.406,0.000,239.280,15.000,0.000,0.000,18.0
22/3/2007,08:45:00,1.380,0.058,243.080,5.600,0.000,0.000,18.0
22/3/2007,08:46:00,1.366,0.056,242.630,5.600,0.000,0.000,18.0
22/3/2007,08:47:00,1.496,0.196,243.270,6.200,0.000,0.000,18.0
22/3/2007,08:48:00,1.474,0.192,242.780,6.000,0.000,0.000,18.0
22/3/2007,08:49:00,1.486,0.198,243.790,6.000,0.000,0.000,18.0
22/3/2007,08:50:00,1.500,0.204,245.090,6.000,0.000,0.000,19.0
22/3/2007,08:51:00,1.492,0.202,244.550,6.000,0.000,0.000,18.0
22/3/2007,08:52:00,1.498,0.206,245.300,6.000,0.000,0.000,18.0
22/3/2007,08:53:00,1.488,0.202,244.510,6.000,0.000,0.000,19.0
22/3/2007,08:54:00,1.474,0.198,243.840,6.000,0.000,0.000,18.0
22/3/2007,08:55:00,1.426,0.140,243.070,5.800,0.000,0.000,18.0
22/3/2007,08:56:00,1.390,0.088,242.930,5.600,0.000,0.000,18.0
22/3/2007,08:57:00,1.394,0.090,243.440,5.600,0.000,0.000,18.0
22/3/2007,08:58:00,1.394,0.088,242.810,5.600,0.000,0.000,18.0
22/3/2007,08:59:00,1.372,0.080,240.810,5.600,0.000,0.000,18.0
22/3/2007,09:00:00,1.376,0.082,241.190,5.600,0.000,0.000,18.0
22/3/2007,09:01:00,1.376,0.082,241.230,5.600,0.000,0.000,18.0
22/3/2007,09:02:00,1.344,0.000,241.100,5.600,0.000,0.000,18.0
22/3/2007,09:03:00,1.282,0.050,241.970,5.200,0.000,0.000,18.0
22/3/2007,09:04:00,1.290,0.048,242.640,5.200,0.000,0.000,18.0
22/3/2007,09:05:00,1.314,0.054,242.930,5.400,0.000,0.000,18.0
22/3/2007,09:06:00,1.312,0.056,241.570,5.400,0.000,0.000,18.0
22/3/2007,09:07:00,1.306,0.058,240.890,5.400,0.000,0.000,17.0
22/3/2007,09:08:00,1.296,0.060,240.100,5.400,0.000,0.000,18.0
22/3/2007,09:09:00,1.298,0.060,239.850,5.400,0.000,0.000,18.0
22/3/2007,09:10:00,1.312,0.060,240.280,5.400,0.000,0.000,17.0
22/3/2007,09:11:00,1.300,0.058,240.990,5.400,0.000,0.000,18.0
22/3/2007,09:12:00,1.298,0.058,241.230,5.400,0.000,0.000,18.0
22/3/2007,09:13:00,1.288,0.060,240.220,5.400,0.000,0.000,18.0
22/3/2007,09:14:00,1.296,0.058,241.130,5.400,0.000,0.000,17.0
22/3/2007,09:15:00,1.304,0.056,241.630,5.400,0.000,0.000,18.0
22/3/2007,09:16:00,1.302,0.056,241.170,5.400,0.000,0.000,18.0
22/3/2007,09:17:00,1.302,0.058,240.660,5.400,0.000,0.000,18.0
22/3/2007,09:18:00,1.294,0.060,240.180,5.400,0.000,0.000,18.0
22/3/2007,09:19:00,1.292,0.058,240.170,5.400,0.000,0.000,17.0
22/3/2007,09:20:00,1.282,0.060,239.500,5.200,0.000,0.000,18.0
22/3/2007,09:21:00,1.284,0.058,239.990,5.200,0.000,0.000,18.0
22/3/2007,09:22:00,1.288,0.058,240.110,5.200,0.000,0.000,17.0
22/3/2007,09:23:00,1.282,0.058,239.860,5.200,0.000,0.000,18.0
22/3/2007,09:24:00,1.296,0.058,240.680,5.400,0.000,0.000,18.0
22/3/2007,09:25:00,1.300,0.058,240.920,5.400,0.000,0.000,17.0
22/3/2007,09:26:00,1.296,0.058,240.550,5.400,0.000,0.000,18.0
22/3/2007,09:27:00,1.292,0.058,240.220,5.400,0.000,0.000,18.0
22/3/2007,09:28:00,1.292,0.060,239.560,5.400,0.000,0.000,17.0
22/3/2007,09:29:00,1.304,0.050,239.630,5.400,0.000,0.000,18.0
22/3/2007,09:30:00,1.444,0.110,240.420,6.000,0.000,0.000,18.0
22/3/2007,09:31:00,1.474,0.176,240.580,6.000,0.000,0.000,17.0
22/3/2007,09:32:00,1.484,0.180,241.380,6.200,0.000,0.000,18.0
22/3/2007,09:33:00,1.494,0.182,241.730,6.200,0.000,0.000,18.0
22/3/2007,09:34:00,1.502,0.186,242.490,6.200,0.000,0.000,18.0
22/3/2007,09:35:00,1.556,0.260,242.130,6.400,0.000,0.000,18.0
22/3/2007,09:36:00,1.562,0.294,239.870,6.600,0.000,1.000,18.0
22/3/2007,09:37:00,1.558,0.306,241.570,6.400,0.000,1.000,18.0
22/3/2007,09:38:00,1.558,0.298,240.500,6.600,0.000,1.000,17.0
22/3/2007,09:39:00,1.546,0.292,239.490,6.400,0.000,2.000,18.0
22/3/2007,09:40:00,1.518,0.290,238.840,6.400,0.000,1.000,18.0
22/3/2007,09:41:00,1.548,0.292,239.480,6.600,0.000,2.000,17.0
22/3/2007,09:42:00,1.550,0.294,239.600,6.600,0.000,1.000,18.0
22/3/2007,09:43:00,1.494,0.214,239.900,6.200,0.000,1.000,17.0
22/3/2007,09:44:00,1.474,0.194,240.150,6.200,0.000,2.000,18.0
22/3/2007,09:45:00,1.450,0.176,239.690,6.000,0.000,1.000,18.0
22/3/2007,09:46:00,1.370,0.060,239.830,5.600,0.000,1.000,17.0
22/3/2007,09:47:00,1.376,0.062,240.700,5.600,0.000,2.000,18.0
22/3/2007,09:48:00,1.388,0.062,241.160,5.600,0.000,1.000,18.0
22/3/2007,09:49:00,1.388,0.062,241.140,5.600,0.000,2.000,18.0
22/3/2007,09:50:00,1.386,0.062,240.750,5.600,0.000,1.000,17.0
22/3/2007,09:51:00,1.376,0.058,239.570,5.600,0.000,1.000,18.0
22/3/2007,09:52:00,1.380,0.060,240.700,5.600,0.000,1.000,18.0
22/3/2007,09:53:00,1.370,0.062,240.710,5.600,0.000,2.000,18.0
22/3/2007,09:54:00,1.362,0.060,240.260,5.600,0.000,1.000,17.0
22/3/2007,09:55:00,1.368,0.056,239.130,5.600,0.000,1.000,18.0
22/3/2007,09:56:00,1.356,0.054,238.550,5.600,0.000,1.000,17.0
22/3/2007,09:57:00,1.360,0.054,238.480,5.600,0.000,2.000,18.0
22/3/2007,09:58:00,1.340,0.052,237.300,5.600,0.000,1.000,17.0
22/3/2007,09:59:00,1.346,0.052,237.730,5.600,0.000,1.000,17.0
22/3/2007,10:00:00,1.352,0.054,238.390,5.600,0.000,1.000,18.0
22/3/2007,10:01:00,1.312,0.000,238.940,5.400,0.000,1.000,17.0
22/3/2007,10:02:00,1.280,0.060,239.390,5.200,0.000,0.000,18.0
22/3/2007,10:03:00,1.278,0.060,239.380,5.200,0.000,0.000,17.0
22/3/2007,10:04:00,1.270,0.062,238.640,5.200,0.000,0.000,18.0
22/3/2007,10:05:00,1.268,0.062,238.300,5.200,0.000,0.000,17.0
22/3/2007,10:06:00,1.268,0.062,238.220,5.200,0.000,0.000,18.0
22/3/2007,10:07:00,1.274,0.062,238.790,5.200,0.000,0.000,17.0
22/3/2007,10:08:00,1.286,0.060,240.060,5.200,0.000,0.000,18.0
22/3/2007,10:09:00,1.288,0.058,240.050,5.400,0.000,0.000,17.0
22/3/2007,10:10:00,1.290,0.058,239.870,5.400,0.000,0.000,18.0
22/3/2007,10:11:00,1.300,0.058,240.680,5.400,0.000,0.000,18.0
22/3/2007,10:12:00,1.338,0.000,241.030,5.600,0.000,0.000,18.0
22/3/2007,10:13:00,1.408,0.074,240.580,5.800,0.000,0.000,17.0
22/3/2007,10:14:00,1.408,0.076,240.920,5.800,0.000,0.000,18.0
22/3/2007,10:15:00,1.410,0.076,241.290,5.800,0.000,0.000,18.0
22/3/2007,10:16:00,1.414,0.078,241.610,5.800,0.000,0.000,18.0
22/3/2007,10:17:00,1.404,0.076,241.110,5.800,0.000,0.000,18.0
22/3/2007,10:18:00,1.444,0.128,239.840,6.000,0.000,0.000,17.0
22/3/2007,10:19:00,1.466,0.176,240.430,6.000,0.000,0.000,18.0
22/3/2007,10:20:00,1.466,0.174,240.280,6.000,0.000,0.000,18.0
22/3/2007,10:21:00,1.464,0.176,240.500,6.000,0.000,0.000,17.0
22/3/2007,10:22:00,1.468,0.178,240.970,6.000,0.000,0.000,18.0
22/3/2007,10:23:00,1.468,0.180,241.300,6.000,0.000,0.000,18.0
22/3/2007,10:24:00,1.452,0.174,240.000,6.000,0.000,0.000,18.0
22/3/2007,10:25:00,1.452,0.172,239.450,6.000,0.000,0.000,17.0
22/3/2007,10:26:00,1.446,0.170,238.990,6.000,0.000,0.000,18.0
22/3/2007,10:27:00,1.438,0.166,238.350,6.000,0.000,0.000,17.0
22/3/2007,10:28:00,1.414,0.142,237.780,6.000,0.000,0.000,18.0
22/3/2007,10:29:00,1.340,0.000,238.080,5.600,0.000,0.000,17.0
22/3/2007,10:30:00,1.342,0.000,238.330,5.600,0.000,0.000,17.0
22/3/2007,10:31:00,1.282,0.058,239.330,5.200,0.000,0.000,18.0
22/3/2007,10:32:00,1.282,0.062,239.410,5.200,0.000,0.000,17.0
22/3/2007,10:33:00,1.272,0.062,238.820,5.200,0.000,0.000,18.0
22/3/2007,10:34:00,1.276,0.062,239.150,5.200,0.000,0.000,17.0
22/3/2007,10:35:00,1.266,0.064,238.030,5.200,0.000,0.000,18.0
22/3/2007,10:36:00,1.264,0.064,237.690,5.200,0.000,0.000,17.0
22/3/2007,10:37:00,1.262,0.064,237.650,5.200,0.000,0.000,17.0
22/3/2007,10:38:00,1.272,0.062,238.490,5.200,0.000,0.000,18.0
22/3/2007,10:39:00,1.266,0.064,238.000,5.200,0.000,0.000,17.0
22/3/2007,10:40:00,1.274,0.062,238.210,5.200,0.000,0.000,18.0
22/3/2007,10:41:00,1.288,0.060,239.220,5.400,0.000,0.000,17.0
22/3/2007,10:42:00,1.278,0.062,238.500,5.200,0.000,0.000,18.0
22/3/2007,10:43:00,1.264,0.064,237.040,5.200,0.000,0.000,17.0
22/3/2007,10:44:00,1.260,0.064,237.180,5.200,0.000,0.000,17.0
22/3/2007,10:45:00,1.262,0.064,237.330,5.200,0.000,0.000,17.0
22/3/2007,10:46:00,1.266,0.064,237.690,5.200,0.000,0.000,18.0
22/3/2007,10:47:00,1.274,0.062,238.500,5.200,0.000,0.000,17.0
22/3/2007,10:48:00,1.278,0.062,238.780,5.200,0.000,0.000,18.0
22/3/2007,10:49:00,1.284,0.062,239.330,5.400,0.000,0.000,17.0
22/3/2007,10:50:00,1.282,0.062,239.080,5.200,0.000,0.000,18.0
22/3/2007,10:51:00,1.280,0.062,239.070,5.200,0.000,0.000,17.0
22/3/2007,10:52:00,1.282,0.062,239.180,5.200,0.000,0.000,18.0
22/3/2007,10:53:00,1.274,0.062,238.820,5.200,0.000,0.000,17.0
22/3/2007,10:54:00,1.266,0.064,238.060,5.200,0.000,0.000,18.0
22/3/2007,10:55:00,1.334,0.000,236.570,5.600,0.000,0.000,17.0
22/3/2007,10:56:00,1.376,0.064,237.550,5.800,0.000,0.000,17.0
22/3/2007,10:57:00,1.358,0.060,236.250,5.600,0.000,0.000,17.0
22/3/2007,10:58:00,1.348,0.058,235.690,5.600,0.000,0.000,17.0
22/3/2007,10:59:00,1.350,0.060,236.460,5.600,0.000,0.000,17.0
22/3/2007,11:00:00,1.356,0.062,237.210,5.600,0.000,0.000,18.0
22/3/2007,11:01:00,1.362,0.064,237.640,5.600,0.000,0.000,17.0
22/3/2007,11:02:00,1.352,0.060,236.670,5.600,0.000,0.000,17.0
22/3/2007,11:03:00,1.350,0.060,236.580,5.600,0.000,0.000,17.0
22/3/2007,11:04:00,1.348,0.060,236.620,5.600,0.000,0.000,17.0
22/3/2007,11:05:00,1.332,0.056,235.310,5.600,0.000,0.000,17.0
22/3/2007,11:06:00,1.392,0.112,235.550,5.800,0.000,0.000,17.0
22/3/2007,11:07:00,1.422,0.160,236.610,6.000,0.000,0.000,18.0
22/3/2007,11:08:00,1.428,0.162,237.510,6.000,0.000,0.000,17.0
22/3/2007,11:09:00,1.430,0.164,237.490,6.000,0.000,0.000,17.0
22/3/2007,11:10:00,1.430,0.162,236.950,6.000,0.000,0.000,17.0
22/3/2007,11:11:00,1.366,0.064,237.640,5.600,0.000,0.000,18.0
22/3/2007,11:12:00,1.350,0.000,238.350,5.600,0.000,0.000,17.0
22/3/2007,11:13:00,1.338,0.000,237.720,5.600,0.000,0.000,17.0
22/3/2007,11:14:00,1.334,0.000,237.520,5.600,0.000,0.000,18.0
22/3/2007,11:15:00,1.332,0.000,237.040,5.600,0.000,0.000,17.0
22/3/2007,11:16:00,1.330,0.000,237.410,5.600,0.000,0.000,17.0
22/3/2007,11:17:00,1.328,0.000,236.890,5.600,0.000,0.000,17.0
22/3/2007,11:18:00,1.306,0.000,239.080,5.400,0.000,0.000,18.0
22/3/2007,11:19:00,1.290,0.058,240.280,5.400,0.000,0.000,18.0
22/3/2007,11:20:00,1.296,0.058,240.900,5.400,0.000,0.000,17.0
22/3/2007,11:21:00,1.298,0.058,240.930,5.400,0.000,0.000,18.0
22/3/2007,11:22:00,1.298,0.058,240.890,5.400,0.000,0.000,18.0
22/3/2007,11:23:00,1.298,0.060,240.690,5.400,0.000,0.000,18.0
22/3/2007,11:24:00,1.296,0.060,240.400,5.400,0.000,0.000,18.0
22/3/2007,11:25:00,1.300,0.060,240.040,5.400,0.000,0.000,17.0
22/3/2007,11:26:00,1.302,0.060,240.190,5.400,0.000,0.000,18.0
22/3/2007,11:27:00,1.292,0.060,239.510,5.400,0.000,0.000,17.0
22/3/2007,11:28:00,1.288,0.060,239.110,5.400,0.000,0.000,18.0
22/3/2007,11:29:00,1.288,0.060,239.740,5.400,0.000,0.000,18.0
22/3/2007,11:30:00,1.284,0.060,239.500,5.400,0.000,0.000,17.0
22/3/2007,11:31:00,1.292,0.060,240.200,5.400,0.000,0.000,18.0
22/3/2007,11:32:00,1.292,0.058,240.680,5.400,0.000,0.000,18.0
22/3/2007,11:33:00,1.296,0.058,241.110,5.400,0.000,0.000,17.0
22/3/2007,11:34:00,1.306,0.058,241.630,5.400,0.000,0.000,18.0
22/3/2007,11:35:00,1.296,0.060,240.590,5.400,0.000,0.000,18.0
22/3/2007,11:36:00,1.292,0.060,240.400,5.400,0.000,0.000,18.0
22/3/2007,11:37:00,1.330,0.000,240.330,5.400,0.000,0.000,17.0
22/3/2007,11:38:00,1.394,0.072,240.050,5.800,0.000,0.000,18.0
22/3/2007,11:39:00,1.382,0.068,239.040,5.800,0.000,0.000,18.0
22/3/2007,11:40:00,1.370,0.064,237.550,5.800,0.000,0.000,17.0
22/3/2007,11:41:00,1.376,0.066,238.160,5.800,0.000,0.000,17.0
22/3/2007,11:42:00,1.372,0.066,238.010,5.600,0.000,0.000,18.0
22/3/2007,11:43:00,1.376,0.066,238.440,5.800,0.000,0.000,17.0
22/3/2007,11:44:00,1.370,0.066,238.150,5.600,0.000,0.000,17.0
22/3/2007,11:45:00,1.360,0.064,237.340,5.600,0.000,0.000,18.0
22/3/2007,11:46:00,1.374,0.068,238.790,5.600,0.000,0.000,17.0
22/3/2007,11:47:00,1.378,0.070,239.390,5.600,0.000,0.000,18.0
22/3/2007,11:48:00,1.378,0.070,239.890,5.600,0.000,0.000,17.0
22/3/2007,11:49:00,1.376,0.070,239.930,5.600,0.000,0.000,18.0
22/3/2007,11:50:00,1.370,0.068,239.350,5.600,0.000,0.000,18.0
22/3/2007,11:51:00,1.380,0.072,240.320,5.600,0.000,0.000,17.0
22/3/2007,11:52:00,1.384,0.072,240.670,5.600,0.000,0.000,18.0
22/3/2007,11:53:00,1.316,0.000,239.640,5.400,0.000,0.000,18.0
22/3/2007,11:54:00,1.380,0.000,240.540,5.800,0.000,0.000,17.0
22/3/2007,11:55:00,1.014,0.048,240.860,4.600,0.000,0.000,13.0
22/3/2007,11:56:00,0.308,0.058,242.190,1.200,0.000,0.000,0.0
22/3/2007,11:57:00,0.312,0.060,242.550,1.200,0.000,0.000,0.0
22/3/2007,11:58:00,0.308,0.058,242.190,1.200,0.000,0.000,0.0
22/3/2007,11:59:00,0.340,0.086,242.120,1.600,0.000,0.000,0.0
22/3/2007,12:00:00,0.388,0.184,242.270,1.800,0.000,0.000,0.0
22/3/2007,12:01:00,0.386,0.182,241.710,1.800,0.000,2.000,0.0
22/3/2007,12:02:00,0.384,0.184,242.320,1.800,0.000,1.000,0.0
22/3/2007,12:03:00,0.386,0.182,242.050,1.800,0.000,1.000,0.0
22/3/2007,12:04:00,0.382,0.182,242.150,1.800,0.000,2.000,0.0
22/3/2007,12:05:00,0.344,0.128,241.950,1.600,0.000,1.000,0.0
22/3/2007,12:06:00,0.314,0.074,241.300,1.400,0.000,2.000,0.0
22/3/2007,12:07:00,0.312,0.076,241.920,1.400,0.000,1.000,0.0
22/3/2007,12:08:00,0.310,0.076,241.880,1.200,0.000,1.000,0.0
22/3/2007,12:09:00,0.308,0.074,241.250,1.200,0.000,2.000,0.0
22/3/2007,12:10:00,0.312,0.074,240.810,1.400,0.000,1.000,0.0
22/3/2007,12:11:00,0.314,0.078,242.250,1.400,0.000,2.000,0.0
22/3/2007,12:12:00,0.306,0.078,242.300,1.200,0.000,1.000,0.0
22/3/2007,12:13:00,0.292,0.078,242.410,1.200,0.000,1.000,0.0
22/3/2007,12:14:00,0.290,0.078,242.370,1.200,0.000,2.000,0.0
22/3/2007,12:15:00,0.290,0.076,242.240,1.200,0.000,1.000,0.0
22/3/2007,12:16:00,0.288,0.076,241.960,1.200,0.000,1.000,0.0
22/3/2007,12:17:00,0.286,0.074,241.810,1.200,0.000,2.000,0.0
22/3/2007,12:18:00,0.284,0.074,241.320,1.200,0.000,1.000,0.0
22/3/2007,12:19:00,0.286,0.076,242.090,1.200,0.000,1.000,0.0
22/3/2007,12:20:00,0.386,0.188,242.350,1.800,0.000,1.000,0.0
22/3/2007,12:21:00,0.388,0.212,242.610,1.800,0.000,2.000,0.0
22/3/2007,12:22:00,0.384,0.214,242.780,1.800,0.000,1.000,0.0
22/3/2007,12:23:00,0.382,0.210,241.810,1.800,0.000,1.000,0.0
22/3/2007,12:24:00,0.380,0.210,241.880,1.800,0.000,1.000,0.0
22/3/2007,12:25:00,0.348,0.148,242.030,1.600,0.000,1.000,0.0
22/3/2007,12:26:00,0.312,0.088,242.360,1.200,0.000,0.000,0.0
22/3/2007,12:27:00,0.310,0.088,242.320,1.200,0.000,0.000,0.0
22/3/2007,12:28:00,0.308,0.088,242.180,1.200,0.000,0.000,0.0
22/3/2007,12:29:00,0.306,0.086,241.370,1.200,0.000,0.000,0.0
22/3/2007,12:30:00,0.306,0.086,241.520,1.200,0.000,0.000,0.0
22/3/2007,12:31:00,0.304,0.086,241.510,1.200,0.000,0.000,0.0
22/3/2007,12:32:00,0.306,0.090,242.390,1.200,0.000,0.000,0.0
22/3/2007,12:33:00,0.304,0.092,242.940,1.200,0.000,0.000,0.0
22/3/2007,12:34:00,0.298,0.090,242.840,1.200,0.000,0.000,0.0
22/3/2007,12:35:00,0.278,0.062,242.970,1.200,0.000,0.000,0.0
22/3/2007,12:36:00,0.202,0.000,242.430,0.800,0.000,0.000,0.0
22/3/2007,12:37:00,0.202,0.000,242.270,0.800,0.000,0.000,0.0
22/3/2007,12:38:00,0.202,0.000,242.280,0.800,0.000,0.000,0.0
22/3/2007,12:39:00,0.202,0.046,241.830,0.800,0.000,0.000,0.0
22/3/2007,12:40:00,0.210,0.000,242.500,0.800,0.000,0.000,0.0
22/3/2007,12:41:00,0.264,0.000,242.510,1.200,0.000,0.000,0.0
22/3/2007,12:42:00,0.286,0.060,242.530,1.200,0.000,0.000,0.0
22/3/2007,12:43:00,0.288,0.060,242.960,1.200,0.000,0.000,0.0
22/3/2007,12:44:00,0.288,0.060,242.620,1.200,0.000,0.000,0.0
22/3/2007,12:45:00,0.284,0.060,242.270,1.200,0.000,0.000,0.0
22/3/2007,12:46:00,0.278,0.056,241.770,1.200,0.000,0.000,0.0
22/3/2007,12:47:00,0.278,0.060,242.660,1.200,0.000,0.000,0.0
22/3/2007,12:48:00,0.276,0.060,242.770,1.200,0.000,0.000,0.0
22/3/2007,12:49:00,0.276,0.060,242.790,1.200,0.000,0.000,0.0
22/3/2007,12:50:00,0.274,0.058,242.290,1.200,0.000,0.000,0.0
22/3/2007,12:51:00,0.276,0.062,243.180,1.200,0.000,0.000,0.0
22/3/2007,12:52:00,0.276,0.062,243.580,1.200,0.000,0.000,0.0
22/3/2007,12:53:00,0.204,0.000,242.850,0.800,0.000,0.000,0.0
22/3/2007,12:54:00,0.204,0.000,243.510,0.800,0.000,0.000,0.0
22/3/2007,12:55:00,0.204,0.000,243.540,0.800,0.000,0.000,0.0
22/3/2007,12:56:00,0.206,0.000,243.820,0.800,0.000,0.000,0.0
22/3/2007,12:57:00,0.206,0.000,244.760,0.800,0.000,0.000,0.0
22/3/2007,12:58:00,0.206,0.000,243.840,0.800,0.000,0.000,0.0
22/3/2007,12:59:00,0.204,0.000,243.050,0.800,0.000,0.000,0.0
22/3/2007,13:00:00,0.204,0.000,242.550,0.800,0.000,0.000,0.0
22/3/2007,13:01:00,0.204,0.000,243.170,0.800,0.000,0.000,0.0
22/3/2007,13:02:00,0.284,0.000,243.750,1.200,0.000,0.000,0.0
22/3/2007,13:03:00,0.316,0.092,243.110,1.400,0.000,0.000,0.0
22/3/2007,13:04:00,0.312,0.092,242.780,1.200,0.000,0.000,0.0
22/3/2007,13:05:00,0.322,0.090,242.580,1.400,0.000,0.000,0.0
22/3/2007,13:06:00,0.332,0.090,242.810,1.400,0.000,0.000,0.0
22/3/2007,13:07:00,0.334,0.096,243.790,1.400,0.000,0.000,0.0
22/3/2007,13:08:00,0.328,0.092,243.130,1.400,0.000,0.000,0.0
22/3/2007,13:09:00,0.328,0.096,243.750,1.400,0.000,0.000,0.0
22/3/2007,13:10:00,0.326,0.094,243.420,1.400,0.000,0.000,0.0
22/3/2007,13:11:00,0.324,0.092,243.040,1.400,0.000,0.000,0.0
22/3/2007,13:12:00,0.324,0.096,243.780,1.400,0.000,0.000,0.0
22/3/2007,13:13:00,0.324,0.096,243.690,1.400,0.000,0.000,0.0
22/3/2007,13:14:00,0.322,0.096,243.630,1.400,0.000,0.000,0.0
22/3/2007,13:15:00,0.322,0.092,242.810,1.400,0.000,0.000,0.0
22/3/2007,13:16:00,0.320,0.092,243.190,1.400,0.000,0.000,0.0
22/3/2007,13:17:00,0.322,0.096,244.070,1.400,0.000,0.000,0.0
22/3/2007,13:18:00,0.236,0.000,243.800,1.000,0.000,0.000,0.0
22/3/2007,13:19:00,0.226,0.000,243.610,1.000,0.000,0.000,0.0
22/3/2007,13:20:00,0.224,0.000,243.180,1.000,0.000,0.000,0.0
22/3/2007,13:21:00,0.226,0.000,243.220,1.000,0.000,0.000,0.0
22/3/2007,13:22:00,0.228,0.000,244.000,1.000,0.000,0.000,0.0
22/3/2007,13:23:00,0.226,0.000,243.450,1.000,0.000,0.000,0.0
