Date,Time,Global_active_power,Global_reactive_power,Voltage,Global_intensity,Sub_metering_1,Sub_metering_2,Sub_metering_3
10/12/2007,18:04:00,3.440,0.058,237.750,14.400,0.000,0.000,18.0
10/12/2007,18:05:00,3.424,0.058,237.890,14.400,0.000,0.000,17.0
10/12/2007,18:06:00,3.424,0.060,238.280,14.400,0.000,0.000,18.0
10/12/2007,18:07:00,3.410,0.058,238.030,14.400,0.000,0.000,17.0
10/12/2007,18:08:00,3.394,0.058,237.520,14.200,0.000,0.000,18.0
10/12/2007,18:09:00,3.412,0.076,236.970,14.400,0.000,0.000,17.0
10/12/2007,18:10:00,3.486,0.184,236.650,14.800,0.000,0.000,17.0
10/12/2007,18:11:00,3.524,0.188,238.210,14.800,0.000,0.000,18.0
10/12/2007,18:12:00,3.530,0.188,238.450,14.800,0.000,0.000,17.0
10/12/2007,18:13:00,3.494,0.116,239.090,14.600,0.000,0.000,18.0
10/12/2007,18:14:00,3.468,0.088,238.950,14.600,0.000,0.000,17.0
10/12/2007,18:15:00,3.448,0.088,238.470,14.400,0.000,0.000,18.0
10/12/2007,18:16:00,3.448,0.088,238.520,14.400,0.000,0.000,17.0
10/12/2007,18:17:00,3.284,0.082,237.900,13.800,0.000,0.000,18.0
10/12/2007,18:18:00,3.432,0.084,237.590,14.400,0.000,0.000,17.0
10/12/2007,18:19:00,3.412,0.086,237.310,14.400,0.000,0.000,17.0
10/12/2007,18:20:00,3.398,0.084,236.850,14.400,0.000,0.000,17.0
10/12/2007,18:21:00,3.386,0.084,236.380,14.400,0.000,0.000,18.0
10/12/2007,18:22:00,3.382,0.082,236.040,14.400,0.000,0.000,17.0
10/12/2007,18:23:00,3.370,0.080,235.660,14.200,0.000,0.000,17.0
10/12/2007,18:24:00,3.356,0.060,235.740,14.200,0.000,0.000,17.0
10/12/2007,18:25:00,3.286,0.000,235.910,14.000,0.000,0.000,17.0
10/12/2007,18:26:00,3.296,0.000,236.450,14.000,0.000,0.000,17.0
10/12/2007,18:27:00,3.294,0.000,236.250,14.000,0.000,0.000,17.0
10/12/2007,18:28:00,3.306,0.046,236.420,14.000,0.000,0.000,17.0
10/12/2007,18:29:00,3.296,0.046,236.810,14.000,0.000,0.000,18.0
10/12/2007,18:30:00,3.300,0.000,236.770,14.000,0.000,0.000,17.0
10/12/2007,18:31:00,3.308,0.000,236.700,14.000,0.000,0.000,17.0
10/12/2007,18:32:00,3.296,0.046,235.840,14.000,0.000,0.000,17.0
10/12/2007,18:33:00,3.284,0.046,235.610,14.000,0.000,0.000,17.0
10/12/2007,18:34:00,3.310,0.000,236.710,14.000,0.000,0.000,17.0
10/12/2007,18:35:00,3.306,0.000,236.420,14.000,0.000,0.000,17.0
10/12/2007,18:36:00,3.290,0.046,235.460,14.000,0.000,0.000,17.0
10/12/2007,18:37:00,3.244,0.048,233.450,13.800,0.000,0.000,17.0
10/12/2007,18:38:00,3.260,0.048,234.110,14.000,0.000,0.000,17.0
10/12/2007,18:39:00,3.258,0.048,234.260,14.000,0.000,0.000,17.0
10/12/2007,18:40:00,3.252,0.050,233.970,13.800,0.000,0.000,17.0
10/12/2007,18:41:00,3.264,0.048,234.720,14.000,0.000,0.000,16.0
10/12/2007,18:42:00,3.274,0.048,235.340,14.000,0.000,0.000,17.0
10/12/2007,18:43:00,3.284,0.046,235.870,14.000,0.000,0.000,18.0
10/12/2007,18:44:00,3.298,0.046,236.570,14.000,0.000,0.000,17.0
10/12/2007,18:45:00,3.248,0.046,236.330,13.800,0.000,0.000,17.0
10/12/2007,18:46:00,2.362,0.050,237.370,10.000,0.000,0.000,0.0
10/12/2007,18:47:00,2.352,0.060,237.290,10.000,0.000,0.000,0.0
10/12/2007,18:48:00,2.354,0.062,237.440,10.000,0.000,0.000,0.0
10/12/2007,18:49:00,2.436,0.262,237.450,10.400,0.000,0.000,0.0
10/12/2007,18:50:00,2.638,0.262,237.390,11.200,0.000,0.000,0.0
10/12/2007,18:51:00,3.024,0.244,236.370,12.800,0.000,0.000,0.0
10/12/2007,18:52:00,3.118,0.346,235.580,13.400,0.000,0.000,0.0
10/12/2007,18:53:00,3.152,0.394,235.170,13.600,0.000,0.000,0.0
10/12/2007,18:54:00,3.182,0.476,235.260,13.600,0.000,0.000,0.0
10/12/2007,18:55:00,2.706,0.492,236.270,11.600,0.000,1.000,0.0
10/12/2007,18:56:00,2.582,0.488,235.310,11.200,0.000,2.000,0.0
10/12/2007,18:57:00,2.578,0.458,236.910,11.000,0.000,1.000,0.0
10/12/2007,18:58:00,2.546,0.404,237.350,10.800,0.000,2.000,0.0
10/12/2007,18:59:00,2.538,0.400,236.500,10.800,0.000,1.000,0.0
10/12/2007,19:00:00,2.544,0.400,236.650,10.800,0.000,1.000,0.0
10/12/2007,19:01:00,2.546,0.404,237.000,10.800,0.000,2.000,0.0
10/12/2007,19:02:00,2.550,0.406,237.410,10.800,0.000,1.000,0.0
10/12/2007,19:03:00,2.544,0.406,237.390,10.800,0.000,2.000,0.0
10/12/2007,19:04:00,2.550,0.408,237.660,10.800,0.000,1.000,0.0
10/12/2007,19:05:00,2.564,0.416,238.910,10.800,0.000,1.000,0.0
10/12/2007,19:06:00,2.552,0.412,238.190,10.800,0.000,2.000,0.0
10/12/2007,19:07:00,2.468,0.298,238.190,10.400,0.000,1.000,0.0
10/12/2007,19:08:00,2.410,0.198,239.140,10.200,0.000,0.000,0.0
10/12/2007,19:09:00,2.400,0.172,239.820,10.000,0.000,0.000,0.0
10/12/2007,19:10:00,2.412,0.174,240.060,10.000,0.000,0.000,0.0
10/12/2007,19:11:00,2.412,0.172,239.730,10.200,0.000,0.000,0.0
10/12/2007,19:12:00,2.416,0.172,239.520,10.200,0.000,0.000,0.0
10/12/2007,19:13:00,2.430,0.176,240.230,10.200,0.000,0.000,0.0
10/12/2007,19:14:00,2.348,0.174,239.910,9.800,0.000,0.000,0.0
10/12/2007,19:15:00,2.412,0.174,239.080,10.200,0.000,0.000,0.0
10/12/2007,19:16:00,2.410,0.170,238.820,10.200,0.000,0.000,0.0
10/12/2007,19:17:00,2.500,0.160,236.750,10.600,0.000,0.000,0.0
10/12/2007,19:18:00,2.382,0.160,236.740,10.200,0.000,0.000,0.0
10/12/2007,19:19:00,2.352,0.160,236.980,10.000,0.000,0.000,0.0
10/12/2007,19:20:00,2.344,0.162,236.910,10.000,0.000,0.000,0.0
10/12/2007,19:21:00,2.882,0.352,235.460,12.800,0.000,0.000,0.0
10/12/2007,19:22:00,3.204,0.414,235.180,14.400,0.000,0.000,0.0
10/12/2007,19:23:00,2.438,0.284,235.290,10.400,0.000,0.000,0.0
10/12/2007,19:24:00,3.588,0.464,234.290,15.800,0.000,0.000,0.0
10/12/2007,19:25:00,3.296,0.430,235.160,14.600,0.000,0.000,0.0
10/12/2007,19:26:00,3.286,0.424,235.400,14.600,0.000,0.000,0.0
10/12/2007,19:27:00,2.746,0.552,236.030,11.800,0.000,0.000,0.0
10/12/2007,19:28:00,2.906,0.532,237.070,12.400,0.000,0.000,0.0
10/12/2007,19:29:00,2.794,0.490,237.120,12.000,0.000,0.000,0.0
10/12/2007,19:30:00,3.040,0.502,237.850,13.200,0.000,0.000,0.0
10/12/2007,19:31:00,4.716,0.508,237.250,20.200,0.000,0.000,0.0
10/12/2007,19:32:00,4.710,0.512,238.220,20.000,0.000,0.000,0.0
10/12/2007,19:33:00,4.244,0.438,238.840,18.200,0.000,0.000,0.0
10/12/2007,19:34:00,2.934,0.302,240.590,12.400,0.000,0.000,0.0
10/12/2007,19:35:00,2.726,0.308,241.290,11.400,0.000,0.000,0.0
10/12/2007,19:36:00,2.716,0.302,240.690,11.400,0.000,0.000,0.0
10/12/2007,19:37:00,2.722,0.304,241.050,11.400,0.000,0.000,0.0
10/12/2007,19:38:00,2.716,0.300,240.180,11.400,0.000,0.000,0.0
10/12/2007,19:39:00,2.720,0.302,240.520,11.400,0.000,0.000,0.0
10/12/2007,19:40:00,2.486,0.290,239.540,10.600,0.000,0.000,0.0
10/12/2007,19:41:00,2.176,0.260,238.440,9.200,0.000,0.000,0.0
10/12/2007,19:42:00,2.098,0.146,238.550,8.800,0.000,0.000,0.0
10/12/2007,19:43:00,2.040,0.056,238.720,8.600,0.000,0.000,0.0
10/12/2007,19:44:00,1.446,0.000,238.070,6.400,0.000,0.000,0.0
10/12/2007,19:45:00,1.128,0.000,238.490,5.000,0.000,0.000,0.0
10/12/2007,19:46:00,1.132,0.046,239.500,5.000,0.000,0.000,0.0
10/12/2007,19:47:00,1.138,0.046,240.460,5.000,0.000,0.000,0.0
10/12/2007,19:48:00,1.138,0.046,240.300,5.000,0.000,0.000,0.0
10/12/2007,19:49:00,1.136,0.048,240.610,5.000,0.000,0.000,0.0
10/12/2007,19:50:00,1.142,0.048,241.250,5.000,0.000,0.000,0.0
10/12/2007,19:51:00,1.142,0.046,240.890,5.000,0.000,0.000,0.0
10/12/2007,19:52:00,1.144,0.046,241.390,5.000,0.000,0.000,0.0
10/12/2007,19:53:00,1.148,0.050,242.370,5.000,0.000,0.000,0.0
10/12/2007,19:54:00,1.106,0.000,243.320,4.800,0.000,0.000,0.0
10/12/2007,19:55:00,0.880,0.000,242.920,3.800,0.000,0.000,0.0
10/12/2007,19:56:00,0.878,0.000,242.750,3.800,0.000,0.000,0.0
10/12/2007,19:57:00,0.882,0.000,243.330,3.800,0.000,0.000,0.0
10/12/2007,19:58:00,0.880,0.000,243.060,3.800,0.000,0.000,0.0
10/12/2007,19:59:00,0.880,0.000,242.960,3.800,0.000,0.000,0.0
10/12/2007,20:00:00,0.876,0.000,242.210,3.800,0.000,0.000,0.0
10/12/2007,20:01:00,0.872,0.000,240.760,3.800,0.000,0.000,0.0
10/12/2007,20:02:00,0.870,0.046,239.620,3.800,0.000,0.000,0.0
10/12/2007,20:03:00,0.870,0.000,239.870,3.800,0.000,0.000,0.0
10/12/2007,20:04:00,0.876,0.000,240.710,3.800,0.000,0.000,0.0
10/12/2007,20:05:00,0.872,0.000,240.920,3.800,0.000,0.000,0.0
10/12/2007,20:06:00,0.980,0.078,239.880,4.400,0.000,0.000,0.0
10/12/2007,20:07:00,0.972,0.084,239.720,4.200,0.000,0.000,0.0
10/12/2007,20:08:00,0.972,0.086,239.530,4.200,0.000,0.000,0.0
10/12/2007,20:09:00,0.968,0.086,239.970,4.200,0.000,0.000,0.0
10/12/2007,20:10:00,0.968,0.084,239.910,4.200,0.000,0.000,0.0
10/12/2007,20:11:00,1.302,0.090,239.930,5.600,0.000,0.000,0.0
10/12/2007,20:12:00,1.476,0.094,240.140,6.200,0.000,0.000,0.0
10/12/2007,20:13:00,1.540,0.154,240.370,6.600,0.000,0.000,0.0
10/12/2007,20:14:00,1.560,0.200,240.540,6.600,0.000,0.000,0.0
10/12/2007,20:15:00,2.566,0.212,239.670,10.800,0.000,0.000,15.0
10/12/2007,20:16:00,2.664,0.228,239.590,11.200,0.000,0.000,18.0
10/12/2007,20:17:00,2.634,0.226,238.610,11.000,0.000,0.000,18.0
10/12/2007,20:18:00,2.602,0.218,237.530,11.000,0.000,0.000,17.0
10/12/2007,20:19:00,2.556,0.182,236.850,10.800,0.000,0.000,18.0
10/12/2007,20:20:00,2.548,0.182,236.620,10.800,0.000,0.000,17.0
10/12/2007,20:21:00,2.894,0.186,237.020,12.200,0.000,0.000,17.0
10/12/2007,20:22:00,2.908,0.104,236.750,12.400,0.000,0.000,18.0
10/12/2007,20:23:00,2.850,0.056,235.460,12.200,0.000,0.000,17.0
10/12/2007,20:24:00,2.854,0.058,236.120,12.000,0.000,0.000,17.0
10/12/2007,20:25:00,2.868,0.056,236.460,12.200,0.000,0.000,17.0
10/12/2007,20:26:00,2.880,0.060,237.160,12.200,0.000,0.000,17.0
10/12/2007,20:27:00,2.886,0.060,237.440,12.200,0.000,0.000,18.0
10/12/2007,20:28:00,2.886,0.060,237.470,12.200,0.000,0.000,17.0
10/12/2007,20:29:00,2.860,0.000,237.820,12.000,0.000,0.000,17.0
10/12/2007,20:30:00,2.826,0.000,237.880,11.800,0.000,0.000,18.0
10/12/2007,20:31:00,2.858,0.000,237.320,12.000,0.000,0.000,17.0
10/12/2007,20:32:00,2.870,0.078,236.790,12.200,0.000,1.000,17.0
10/12/2007,20:33:00,2.878,0.080,236.940,12.200,0.000,2.000,17.0
10/12/2007,20:34:00,2.878,0.080,237.340,12.200,0.000,1.000,18.0
10/12/2007,20:35:00,2.882,0.082,237.550,12.200,0.000,2.000,17.0
10/12/2007,20:36:00,2.894,0.082,238.240,12.200,0.000,1.000,17.0
10/12/2007,20:37:00,2.918,0.080,238.670,12.200,0.000,1.000,18.0
10/12/2007,20:38:00,2.906,0.080,238.250,12.200,0.000,2.000,17.0
10/12/2007,20:39:00,2.896,0.078,237.740,12.200,0.000,1.000,18.0
10/12/2007,20:40:00,2.890,0.080,238.120,12.200,0.000,2.000,17.0
10/12/2007,20:41:00,2.896,0.080,238.390,12.200,0.000,1.000,17.0
10/12/2007,20:42:00,2.904,0.082,238.790,12.200,0.000,1.000,18.0
10/12/2007,20:43:00,3.316,0.076,239.120,13.800,0.000,2.000,17.0
10/12/2007,20:44:00,4.082,0.066,239.040,17.000,0.000,1.000,18.0
10/12/2007,20:45:00,4.126,0.066,239.370,17.200,0.000,1.000,18.0
10/12/2007,20:46:00,3.788,0.000,239.030,15.800,0.000,1.000,17.0
10/12/2007,20:47:00,3.610,0.076,239.170,15.200,0.000,0.000,18.0
10/12/2007,20:48:00,3.818,0.336,239.080,16.000,1.000,0.000,17.0
10/12/2007,20:49:00,3.866,0.470,237.750,16.400,1.000,0.000,18.0
10/12/2007,20:50:00,3.746,0.266,237.420,15.800,2.000,0.000,17.0
10/12/2007,20:51:00,3.756,0.256,237.360,15.800,1.000,0.000,17.0
10/12/2007,20:52:00,3.054,0.090,238.580,12.800,1.000,0.000,18.0
10/12/2007,20:53:00,2.978,0.088,238.410,12.400,1.000,0.000,17.0
10/12/2007,20:54:00,2.976,0.088,238.350,12.400,1.000,0.000,17.0
10/12/2007,20:55:00,3.126,0.086,238.430,13.200,2.000,0.000,18.0
10/12/2007,20:56:00,3.312,0.078,238.030,14.000,1.000,0.000,17.0
10/12/2007,20:57:00,3.538,0.070,235.940,15.000,1.000,0.000,17.0
10/12/2007,20:58:00,3.540,0.074,236.220,15.000,1.000,0.000,17.0
10/12/2007,20:59:00,3.516,0.076,236.900,14.800,1.000,0.000,18.0
10/12/2007,21:00:00,5.332,0.154,234.790,22.800,31.000,0.000,17.0
10/12/2007,21:01:00,5.570,0.160,234.510,23.800,37.000,0.000,16.0
10/12/2007,21:02:00,5.564,0.158,234.630,23.600,37.000,0.000,17.0
10/12/2007,21:03:00,5.564,0.124,235.420,23.600,37.000,0.000,17.0
10/12/2007,21:04:00,5.492,0.000,235.160,23.400,37.000,0.000,17.0
10/12/2007,21:05:00,5.500,0.000,235.470,23.400,37.000,0.000,17.0
10/12/2007,21:06:00,5.508,0.000,235.420,23.400,37.000,0.000,17.0
10/12/2007,21:07:00,5.504,0.000,235.520,23.400,37.000,0.000,17.0
10/12/2007,21:08:00,5.498,0.000,235.470,23.400,37.000,0.000,17.0
10/12/2007,21:09:00,5.474,0.000,234.960,23.200,37.000,0.000,17.0
10/12/2007,21:10:00,5.458,0.000,234.780,23.200,37.000,0.000,17.0
10/12/2007,21:11:00,5.452,0.000,235.300,23.200,36.000,0.000,17.0
10/12/2007,21:12:00,5.458,0.000,234.840,23.200,37.000,0.000,17.0
10/12/2007,21:13:00,5.406,0.000,234.790,23.000,37.000,0.000,17.0
10/12/2007,21:14:00,3.674,0.048,236.090,16.200,16.000,0.000,17.0
10/12/2007,21:15:00,2.912,0.046,236.300,12.400,1.000,0.000,17.0
10/12/2007,21:16:00,3.098,0.046,236.790,13.400,4.000,0.000,18.0
10/12/2007,21:17:00,2.928,0.046,237.120,12.400,1.000,0.000,17.0
10/12/2007,21:18:00,2.938,0.000,237.800,12.400,1.000,0.000,17.0
10/12/2007,21:19:00,2.982,0.000,238.230,12.600,2.000,0.000,18.0
10/12/2007,21:20:00,2.746,0.048,238.730,11.400,1.000,0.000,17.0
10/12/2007,21:21:00,2.748,0.048,238.590,11.600,1.000,0.000,18.0
10/12/2007,21:22:00,2.752,0.048,239.020,11.600,1.000,0.000,17.0
10/12/2007,21:23:00,2.794,0.064,238.910,11.800,2.000,0.000,18.0
10/12/2007,21:24:00,2.838,0.156,238.870,11.800,1.000,0.000,17.0
10/12/2007,21:25:00,2.654,0.150,239.420,11.200,1.000,0.000,15.0
10/12/2007,21:26:00,1.812,0.158,241.150,7.600,1.000,0.000,0.0
10/12/2007,21:27:00,1.812,0.156,240.730,7.600,2.000,0.000,0.0
10/12/2007,21:28:00,1.808,0.158,240.790,7.600,1.000,0.000,0.0
10/12/2007,21:29:00,1.806,0.158,240.170,7.600,1.000,0.000,0.0
10/12/2007,21:30:00,1.808,0.164,239.550,7.600,1.000,0.000,0.0
10/12/2007,21:31:00,1.896,0.288,238.930,8.000,1.000,0.000,0.0
10/12/2007,21:32:00,1.880,0.284,238.210,8.000,2.000,0.000,0.0
10/12/2007,21:33:00,1.712,0.282,236.300,7.400,1.000,0.000,0.0
10/12/2007,21:34:00,1.684,0.306,236.410,7.200,1.000,0.000,0.0
10/12/2007,21:35:00,1.650,0.332,237.150,7.000,1.000,0.000,0.0
10/12/2007,21:36:00,1.664,0.336,238.290,7.000,0.000,0.000,0.0
10/12/2007,21:37:00,1.670,0.336,238.740,7.000,1.000,0.000,0.0
10/12/2007,21:38:00,1.648,0.298,239.020,7.000,0.000,0.000,0.0
10/12/2007,21:39:00,1.692,0.310,238.750,7.200,1.000,0.000,0.0
10/12/2007,21:40:00,1.716,0.310,238.880,7.200,1.000,0.000,0.0
10/12/2007,21:41:00,1.712,0.308,239.080,7.200,2.000,0.000,0.0
10/12/2007,21:42:00,1.712,0.304,239.480,7.200,1.000,0.000,0.0
10/12/2007,21:43:00,1.706,0.304,239.580,7.200,1.000,0.000,0.0
10/12/2007,21:44:00,1.736,0.336,238.010,7.400,2.000,0.000,0.0
10/12/2007,21:45:00,1.764,0.400,238.450,7.600,1.000,0.000,0.0
10/12/2007,21:46:00,1.724,0.340,238.220,7.400,1.000,0.000,0.0
10/12/2007,21:47:00,1.656,0.300,237.810,7.000,1.000,0.000,0.0
10/12/2007,21:48:00,1.250,0.172,238.900,5.400,1.000,0.000,0.0
10/12/2007,21:49:00,1.686,0.092,238.490,7.800,6.000,0.000,0.0
10/12/2007,21:50:00,3.472,0.070,236.390,14.600,37.000,0.000,0.0
10/12/2007,21:51:00,3.448,0.070,236.290,14.600,37.000,0.000,0.0
10/12/2007,21:52:00,3.028,0.064,237.410,12.600,38.000,0.000,0.0
10/12/2007,21:53:00,2.984,0.062,237.860,12.400,37.000,0.000,0.0
10/12/2007,21:54:00,3.000,0.056,237.700,12.600,38.000,0.000,0.0
10/12/2007,21:55:00,3.000,0.054,237.660,12.600,37.000,0.000,0.0
10/12/2007,21:56:00,3.014,0.050,237.530,12.600,38.000,0.000,0.0
10/12/2007,21:57:00,2.990,0.000,237.000,12.600,37.000,0.000,0.0
10/12/2007,21:58:00,2.948,0.048,236.990,12.400,38.000,0.000,0.0
10/12/2007,21:59:00,2.940,0.046,237.010,12.400,37.000,0.000,0.0
10/12/2007,22:00:00,2.944,0.000,237.530,12.400,37.000,0.000,0.0
10/12/2007,22:01:00,2.952,0.046,237.810,12.400,37.000,0.000,0.0
10/12/2007,22:02:00,2.944,0.046,237.780,12.400,38.000,0.000,0.0
10/12/2007,22:03:00,2.262,0.000,238.470,10.400,28.000,0.000,0.0
10/12/2007,22:04:00,0.724,0.000,239.940,3.000,0.000,0.000,0.0
10/12/2007,22:05:00,0.728,0.000,239.720,3.000,0.000,0.000,0.0
10/12/2007,22:06:00,0.718,0.000,239.910,3.000,0.000,0.000,0.0
10/12/2007,22:07:00,0.726,0.000,239.960,3.000,0.000,0.000,0.0
10/12/2007,22:08:00,0.734,0.000,240.500,3.000,0.000,0.000,0.0
10/12/2007,22:09:00,0.726,0.000,240.250,3.000,0.000,0.000,0.0
10/12/2007,22:10:00,0.730,0.000,240.890,3.000,0.000,0.000,0.0
10/12/2007,22:11:00,0.728,0.000,240.680,3.000,0.000,0.000,0.0
10/12/2007,22:12:00,0.730,0.000,240.970,3.000,0.000,0.000,0.0
10/12/2007,22:13:00,0.788,0.000,240.940,3.200,0.000,0.000,0.0
10/12/2007,22:14:00,0.888,0.160,240.830,3.800,0.000,0.000,0.0
10/12/2007,22:15:00,0.910,0.214,240.130,3.800,0.000,1.000,0.0
10/12/2007,22:16:00,0.906,0.214,240.120,3.800,0.000,1.000,0.0
10/12/2007,22:17:00,1.006,0.258,239.630,4.400,0.000,2.000,0.0
10/12/2007,22:18:00,1.116,0.218,240.560,4.600,0.000,1.000,0.0
10/12/2007,22:19:00,1.092,0.190,240.950,4.600,0.000,1.000,0.0
10/12/2007,22:20:00,1.102,0.196,242.720,4.600,0.000,2.000,0.0
10/12/2007,22:21:00,0.910,0.200,242.850,3.800,0.000,1.000,0.0
10/12/2007,22:22:00,0.898,0.198,242.810,3.800,0.000,2.000,0.0
10/12/2007,22:23:00,0.898,0.196,242.550,3.800,0.000,1.000,0.0
10/12/2007,22:24:00,0.896,0.196,242.510,3.800,0.000,1.000,0.0
10/12/2007,22:25:00,0.894,0.196,242.480,3.800,0.000,2.000,0.0
10/12/2007,22:26:00,0.886,0.198,242.230,3.600,0.000,1.000,0.0
10/12/2007,22:27:00,0.878,0.196,241.750,3.600,0.000,2.000,0.0
10/12/2007,22:28:00,0.878,0.196,242.540,3.600,0.000,1.000,0.0
10/12/2007,22:29:00,0.756,0.000,243.830,3.200,0.000,0.000,0.0
10/12/2007,22:30:00,0.786,0.048,243.640,3.200,0.000,0.000,0.0
10/12/2007,22:31:00,0.790,0.048,243.620,3.200,0.000,0.000,0.0
10/12/2007,22:32:00,0.786,0.050,243.870,3.200,0.000,0.000,0.0
10/12/2007,22:33:00,0.790,0.048,243.870,3.200,0.000,0.000,0.0
10/12/2007,22:34:00,0.784,0.050,243.550,3.200,0.000,0.000,0.0
10/12/2007,22:35:00,0.778,0.048,243.110,3.200,0.000,0.000,0.0
10/12/2007,22:36:00,0.782,0.046,242.760,3.200,0.000,0.000,0.0
10/12/2007,22:37:00,0.768,0.050,243.060,3.200,0.000,0.000,0.0
10/12/2007,22:38:00,0.758,0.054,243.490,3.000,0.000,0.000,0.0
10/12/2007,22:39:00,0.754,0.054,243.470,3.000,0.000,0.000,0.0
10/12/2007,22:40:00,0.842,0.056,243.210,3.400,0.000,0.000,0.0
10/12/2007,22:41:00,0.848,0.056,243.010,3.400,0.000,0.000,0.0
10/12/2007,22:42:00,0.788,0.000,243.280,3.200,0.000,0.000,0.0
10/12/2007,22:43:00,0.800,0.052,243.370,3.200,0.000,0.000,0.0
10/12/2007,22:44:00,0.812,0.052,243.790,3.200,0.000,0.000,0.0
10/12/2007,22:45:00,0.812,0.052,243.740,3.200,0.000,0.000,0.0
10/12/2007,22:46:00,0.810,0.054,243.560,3.200,0.000,0.000,0.0
10/12/2007,22:47:00,0.810,0.054,243.310,3.200,0.000,0.000,0.0
10/12/2007,22:48:00,0.810,0.054,243.690,3.200,0.000,0.000,0.0
10/12/2007,22:49:00,0.810,0.052,243.780,3.200,0.000,0.000,0.0
10/12/2007,22:50:00,0.482,0.046,243.980,2.000,0.000,0.000,0.0
10/12/2007,22:51:00,0.394,0.046,244.440,1.600,0.000,0.000,0.0
10/12/2007,22:52:00,0.392,0.046,244.190,1.600,0.000,0.000,0.0
10/12/2007,22:53:00,0.392,0.046,243.990,1.600,0.000,0.000,0.0
10/12/2007,22:54:00,0.388,0.046,243.500,1.600,0.000,0.000,0.0
10/12/2007,22:55:00,0.388,0.046,243.850,1.600,0.000,0.000,0.0
10/12/2007,22:56:00,0.506,0.086,243.900,2.200,0.000,0.000,0.0
10/12/2007,22:57:00,0.476,0.096,243.720,2.000,0.000,0.000,0.0
10/12/2007,22:58:00,0.474,0.096,243.570,2.000,0.000,0.000,0.0
10/12/2007,22:59:00,0.472,0.096,243.360,2.000,0.000,0.000,0.0
10/12/2007,23:00:00,0.472,0.098,243.860,2.000,0.000,0.000,0.0
10/12/2007,23:01:00,0.470,0.098,243.830,2.000,0.000,0.000,0.0
10/12/2007,23:02:00,0.470,0.098,244.270,2.000,0.000,0.000,0.0
10/12/2007,23:03:00,0.468,0.098,244.190,1.800,0.000,0.000,0.0
10/12/2007,23:04:00,0.468,0.100,244.460,1.800,0.000,0.000,0.0
10/12/2007,23:05:00,0.466,0.100,244.360,1.800,0.000,0.000,0.0
10/12/2007,23:06:00,0.468,0.102,244.930,1.800,0.000,0.000,0.0
10/12/2007,23:07:00,0.466,0.102,244.960,1.800,0.000,0.000,0.0
10/12/2007,23:08:00,0.466,0.102,245.180,1.800,0.000,0.000,0.0
10/12/2007,23:09:00,0.466,0.102,245.220,1.800,0.000,0.000,0.0
10/12/2007,23:10:00,0.514,0.100,245.130,2.000,0.000,0.000,0.0
10/12/2007,23:11:00,0.454,0.000,245.230,1.800,0.000,0.000,0.0
10/12/2007,23:12:00,0.360,0.000,245.020,1.400,0.000,0.000,0.0
10/12/2007,23:13:00,0.330,0.000,245.320,1.400,0.000,0.000,0.0
10/12/2007,23:14:00,0.386,0.000,245.410,1.600,0.000,0.000,0.0
10/12/2007,23:15:00,0.406,0.068,245.240,1.600,0.000,0.000,0.0
10/12/2007,23:16:00,0.404,0.066,243.860,1.600,0.000,0.000,0.0
10/12/2007,23:17:00,0.404,0.066,243.970,1.600,0.000,0.000,0.0
10/12/2007,23:18:00,0.404,0.066,244.220,1.600,0.000,0.000,0.0
10/12/2007,23:19:00,0.402,0.066,244.380,1.600,0.000,0.000,0.0
10/12/2007,23:20:00,0.402,0.068,244.810,1.600,0.000,0.000,0.0
10/12/2007,23:21:00,0.402,0.070,245.620,1.600,0.000,0.000,0.0
10/12/2007,23:22:00,0.402,0.070,245.680,1.600,0.000,0.000,0.0
10/12/2007,23:23:00,0.586,0.068,245.450,2.400,0.000,0.000,0.0
10/12/2007,23:24:00,0.486,0.072,245.360,2.000,0.000,0.000,0.0
10/12/2007,23:25:00,0.404,0.074,245.460,1.600,0.000,0.000,0.0
10/12/2007,23:26:00,0.350,0.000,245.790,1.400,0.000,0.000,0.0
10/12/2007,23:27:00,0.334,0.000,245.560,1.400,0.000,0.000,0.0
10/12/2007,23:28:00,0.334,0.000,245.580,1.400,0.000,0.000,0.0
10/12/2007,23:29:00,0.334,0.000,245.050,1.400,0.000,0.000,0.0
10/12/2007,23:30:00,0.344,0.000,245.140,1.400,0.000,0.000,0.0
10/12/2007,23:31:00,0.450,0.000,245.340,1.800,0.000,0.000,0.0
10/12/2007,23:32:00,0.508,0.000,245.190,2.000,0.000,0.000,0.0
10/12/2007,23:33:00,0.504,0.000,244.460,2.000,0.000,0.000,0.0
10/12/2007,23:34:00,0.506,0.000,244.720,2.000,0.000,0.000,0.0
10/12/2007,23:35:00,0.340,0.000,244.990,1.400,0.000,0.000,0.0
10/12/2007,23:36:00,0.334,0.000,245.130,1.400,0.000,0.000,0.0
10/12/2007,23:37:00,0.334,0.000,245.530,1.400,0.000,0.000,0.0
10/12/2007,23:38:00,0.388,0.000,245.230,1.600,0.000,0.000,0.0
10/12/2007,23:39:00,0.444,0.104,245.230,1.800,0.000,0.000,0.0
10/12/2007,23:40:00,0.440,0.104,245.140,1.800,0.000,0.000,0.0
10/12/2007,23:41:00,0.438,0.104,245.120,1.800,0.000,0.000,0.0
10/12/2007,23:42:00,0.436,0.104,244.820,1.800,0.000,0.000,0.0
10/12/2007,23:43:00,0.436,0.106,245.480,1.800,0.000,0.000,0.0
10/12/2007,23:44:00,0.436,0.106,245.450,1.800,0.000,0.000,0.0
10/12/2007,23:45:00,0.386,0.132,246.160,1.600,0.000,0.000,0.0
10/12/2007,23:46:00,0.360,0.148,246.350,1.600,0.000,0.000,0.0
10/12/2007,23:47:00,0.358,0.148,246.090,1.600,0.000,0.000,0.0
10/12/2007,23:48:00,0.358,0.146,245.800,1.600,0.000,0.000,0.0
10/12/2007,23:49:00,0.356,0.148,245.930,1.400,0.000,0.000,0.0
10/12/2007,23:50:00,0.356,0.146,245.570,1.400,0.000,0.000,0.0
10/12/2007,23:51:00,0.356,0.148,246.300,1.400,0.000,0.000,0.0
10/12/2007,23:52:00,0.354,0.146,245.660,1.400,0.000,0.000,0.0
10/12/2007,23:53:00,0.306,0.078,244.750,1.200,0.000,0.000,0.0
10/12/2007,23:54:00,0.256,0.000,244.580,1.000,0.000,0.000,0.0
10/12/2007,23:55:00,0.256,0.000,244.700,1.000,0.000,0.000,0.0
10/12/2007,23:56:00,0.276,0.000,244.440,1.200,0.000,0.000,0.0
10/12/2007,23:57:00,0.336,0.126,244.270,1.400,0.000,0.000,0.0
10/12/2007,23:58:00,0.308,0.094,244.710,1.200,0.000,2.000,0.0
10/12/2007,23:59:00,0.388,0.188,244.810,1.800,0.000,1.000,0.0
11/12/2007,00:00:00,0.384,0.204,245.240,1.800,0.000,2.000,0.0
11/12/2007,00:01:00,0.384,0.204,245.010,1.800,0.000,1.000,0.0
11/12/2007,00:02:00,0.382,0.202,244.630,1.800,0.000,1.000,0.0
11/12/2007,00:03:00,0.384,0.204,245.060,1.800,0.000,2.000,0.0
11/12/2007,00:04:00,0.382,0.202,244.780,1.800,0.000,1.000,0.0
11/12/2007,00:05:00,0.380,0.204,245.100,1.600,0.000,2.000,0.0
11/12/2007,00:06:00,0.378,0.204,245.160,1.600,0.000,1.000,0.0
11/12/2007,00:07:00,0.376,0.204,245.080,1.600,0.000,1.000,0.0
11/12/2007,00:08:00,0.372,0.198,243.820,1.600,0.000,2.000,0.0
11/12/2007,00:09:00,0.370,0.196,243.410,1.600,0.000,1.000,0.0
11/12/2007,00:10:00,0.312,0.112,243.270,1.400,0.000,2.000,0.0
11/12/2007,00:11:00,0.242,0.000,243.750,1.000,0.000,0.000,0.0
11/12/2007,00:12:00,0.218,0.000,243.670,0.800,0.000,0.000,0.0
11/12/2007,00:13:00,0.218,0.000,243.990,0.800,0.000,0.000,0.0
11/12/2007,00:14:00,0.218,0.000,244.220,0.800,0.000,0.000,0.0
11/12/2007,00:15:00,0.220,0.000,245.320,0.800,0.000,0.000,0.0
11/12/2007,00:16:00,0.218,0.000,244.910,0.800,0.000,0.000,0.0
11/12/2007,00:17:00,0.218,0.000,244.660,0.800,0.000,0.000,0.0
11/12/2007,00:18:00,0.218,0.000,244.790,0.800,0.000,0.000,0.0
11/12/2007,00:19:00,0.218,0.000,244.740,0.800,0.000,0.000,0.0
11/12/2007,00:20:00,0.220,0.000,245.270,0.800,0.000,0.000,0.0
11/12/2007,00:21:00,0.314,0.070,244.660,1.400,0.000,0.000,0.0
11/12/2007,00:22:00,0.330,0.104,244.380,1.400,0.000,0.000,0.0
11/12/2007,00:23:00,0.326,0.104,244.360,1.400,0.000,0.000,0.0
11/12/2007,00:24:00,0.324,0.104,244.200,1.400,0.000,0.000,0.0
11/12/2007,00:25:00,0.324,0.104,244.510,1.400,0.000,0.000,0.0
11/12/2007,00:26:00,0.322,0.106,244.680,1.400,0.000,0.000,0.0
11/12/2007,00:27:00,0.322,0.106,244.820,1.400,0.000,0.000,0.0
11/12/2007,00:28:00,0.320,0.106,244.960,1.400,0.000,0.000,0.0
11/12/2007,00:29:00,0.320,0.108,245.090,1.400,0.000,0.000,0.0
11/12/2007,00:30:00,0.320,0.110,245.890,1.400,0.000,0.000,0.0
11/12/2007,00:31:00,0.320,0.112,246.240,1.400,0.000,0.000,0.0
11/12/2007,00:32:00,0.318,0.110,246.050,1.400,0.000,0.000,0.0
11/12/2007,00:33:00,0.318,0.112,246.340,1.400,0.000,0.000,0.0
11/12/2007,00:34:00,0.318,0.112,246.440,1.400,0.000,0.000,0.0
11/12/2007,00:35:00,0.310,0.100,246.200,1.200,0.000,0.000,0.0
11/12/2007,00:36:00,0.220,0.000,246.320,0.800,0.000,0.000,0.0
11/12/2007,00:37:00,0.220,0.000,246.420,0.800,0.000,0.000,0.0
11/12/2007,00:38:00,0.220,0.000,246.650,0.800,0.000,0.000,0.0
11/12/2007,00:39:00,0.220,0.000,246.030,0.800,0.000,0.000,0.0
11/12/2007,00:40:00,0.218,0.000,245.170,0.800,0.000,0.000,0.0
11/12/2007,00:41:00,0.220,0.000,245.740,0.800,0.000,0.000,0.0
11/12/2007,00:42:00,0.218,0.000,245.420,0.800,0.000,0.000,0.0
11/12/2007,00:43:00,0.218,0.000,245.410,0.800,0.000,0.000,0.0
11/12/2007,00:44:00,0.280,0.000,244.970,1.200,0.000,0.000,0.0
11/12/2007,00:45:00,0.296,0.074,245.010,1.200,0.000,0.000,0.0
11/12/2007,00:46:00,0.298,0.076,245.310,1.200,0.000,0.000,0.0
11/12/2007,00:47:00,0.298,0.076,245.860,1.200,0.000,0.000,0.0
11/12/2007,00:48:00,0.298,0.078,246.000,1.200,0.000,0.000,0.0
11/12/2007,00:49:00,0.296,0.076,245.740,1.200,0.000,0.000,0.0
11/12/2007,00:50:00,0.292,0.076,245.360,1.200,0.000,0.000,0.0
11/12/2007,00:51:00,0.292,0.078,245.890,1.200,0.000,0.000,0.0
11/12/2007,00:52:00,0.292,0.078,245.940,1.200,0.000,0.000,0.0
11/12/2007,00:53:00,0.290,0.078,246.070,1.200,0.000,0.000,0.0
11/12/2007,00:54:00,0.282,0.066,246.390,1.200,0.000,0.000,0.0
11/12/2007,00:55:00,0.220,0.000,245.680,0.800,0.000,0.000,0.0
11/12/2007,00:56:00,0.218,0.000,245.630,0.800,0.000,0.000,0.0
11/12/2007,00:57:00,0.216,0.000,243.910,0.800,0.000,0.000,0.0
11/12/2007,00:58:00,0.216,0.000,243.160,0.800,0.000,0.000,0.0
11/12/2007,00:59:00,0.214,0.000,242.580,0.800,0.000,0.000,0.0
11/12/2007,01:00:00,0.214,0.000,242.910,0.800,0.000,0.000,0.0
11/12/2007,01:01:00,0.216,0.000,243.140,0.800,0.000,0.000,0.0
11/12/2007,01:02:00,0.214,0.000,243.230,0.800,0.000,0.000,0.0
11/12/2007,01:03:00,0.252,0.000,242.350,1.200,0.000,0.000,0.0
11/12/2007,01:04:00,0.326,0.100,242.640,1.400,0.000,0.000,0.0
11/12/2007,01:05:00,0.324,0.100,243.260,1.400,0.000,0.000,0.0
11/12/2007,01:06:00,0.322,0.102,243.320,1.400,0.000,0.000,0.0
11/12/2007,01:07:00,0.322,0.104,243.980,1.400,0.000,0.000,0.0
11/12/2007,01:08:00,0.320,0.104,244.110,1.400,0.000,0.000,0.0
11/12/2007,01:09:00,0.320,0.104,243.990,1.400,0.000,0.000,0.0
11/12/2007,01:10:00,0.318,0.104,244.410,1.400,0.000,0.000,0.0
11/12/2007,01:11:00,0.318,0.106,244.700,1.400,0.000,0.000,0.0
11/12/2007,01:12:00,0.318,0.106,244.900,1.400,0.000,0.000,0.0
11/12/2007,01:13:00,0.314,0.102,243.660,1.400,0.000,0.000,0.0
11/12/2007,01:14:00,0.312,0.102,243.480,1.400,0.000,0.000,0.0
11/12/2007,01:15:00,0.312,0.104,243.800,1.400,0.000,0.000,0.0
11/12/2007,01:16:00,0.312,0.104,244.220,1.400,0.000,0.000,0.0
11/12/2007,01:17:00,0.312,0.104,243.830,1.200,0.000,0.000,0.0
11/12/2007,01:18:00,0.230,0.000,244.100,1.000,0.000,0.000,0.0
11/12/2007,01:19:00,0.216,0.000,244.190,0.800,0.000,0.000,0.0
11/12/2007,01:20:00,0.216,0.000,244.160,0.800,0.000,0.000,0.0
11/12/2007,01:21:00,0.216,0.000,244.310,0.800,0.000,0.000,0.0
11/12/2007,01:22:00,0.216,0.000,244.350,0.800,0.000,0.000,0.0
11/12/2007,01:23:00,0.216,0.000,244.360,0.800,0.000,0.000,0.0
11/12/2007,01:24:00,0.218,0.000,244.760,0.800,0.000,0.000,0.0
11/12/2007,01:25:00,0.218,0.000,245.080,0.800,0.000,0.000,0.0
11/12/2007,01:26:00,0.218,0.000,245.190,0.800,0.000,0.000,0.0
11/12/2007,01:27:00,0.216,0.000,244.590,0.800,0.000,0.000,0.0
11/12/2007,01:28:00,0.244,0.000,244.450,1.200,0.000,0.000,0.0
11/12/2007,01:29:00,0.294,0.072,243.630,1.200,0.000,0.000,0.0
11/12/2007,01:30:00,0.292,0.070,243.330,1.200,0.000,0.000,0.0
11/12/2007,01:31:00,0.292,0.070,243.280,1.200,0.000,0.000,0.0
11/12/2007,01:32:00,0.292,0.068,242.730,1.200,0.000,0.000,0.0
11/12/2007,01:33:00,0.290,0.068,242.490,1.200,0.000,0.000,0.0
11/12/2007,01:34:00,0.288,0.068,242.420,1.200,0.000,0.000,0.0
11/12/2007,01:35:00,0.288,0.068,242.750,1.200,0.000,0.000,0.0
11/12/2007,01:36:00,0.288,0.070,243.030,1.200,0.000,0.000,0.0
11/12/2007,01:37:00,0.286,0.070,243.140,1.200,0.000,0.000,0.0
11/12/2007,01:38:00,0.286,0.070,243.220,1.200,0.000,0.000,0.0
11/12/2007,01:39:00,0.290,0.054,243.430,1.400,0.000,0.000,0.0
11/12/2007,01:40:00,0.302,0.090,243.420,1.200,0.000,1.000,0.0
11/12/2007,01:41:00,0.300,0.090,243.540,1.200,0.000,2.000,0.0
11/12/2007,01:42:00,0.300,0.088,243.220,1.200,0.000,1.000,0.0
11/12/2007,01:43:00,0.300,0.088,243.100,1.200,0.000,1.000,0.0
11/12/2007,01:44:00,0.300,0.086,242.230,1.200,0.000,2.000,0.0
11/12/2007,01:45:00,0.300,0.088,242.510,1.200,0.000,1.000,0.0
11/12/2007,01:46:00,0.300,0.086,242.420,1.200,0.000,2.000,0.0
11/12/2007,01:47:00,0.416,0.214,241.490,2.000,0.000,1.000,0.0
11/12/2007,01:48:00,0.408,0.222,242.370,1.800,0.000,2.000,0.0
11/12/2007,01:49:00,0.406,0.226,243.020,1.800,0.000,1.000,0.0
11/12/2007,01:50:00,0.404,0.226,243.040,1.800,0.000,1.000,0.0
11/12/2007,01:51:00,0.402,0.228,243.510,1.800,0.000,2.000,0.0
11/12/2007,01:52:00,0.400,0.228,243.420,1.800,0.000,1.000,0.0
11/12/2007,01:53:00,0.380,0.200,243.300,1.800,0.000,1.000,0.0
11/12/2007,01:54:00,0.316,0.104,243.620,1.400,0.000,0.000,0.0
11/12/2007,01:55:00,0.316,0.102,243.290,1.400,0.000,0.000,0.0
11/12/2007,01:56:00,0.316,0.104,243.740,1.400,0.000,0.000,0.0
11/12/2007,01:57:00,0.314,0.102,243.300,1.400,0.000,0.000,0.0
11/12/2007,01:58:00,0.312,0.102,243.350,1.400,0.000,0.000,0.0
11/12/2007,01:59:00,0.316,0.108,245.250,1.400,0.000,0.000,0.0
11/12/2007,02:00:00,0.314,0.108,245.180,1.400,0.000,0.000,0.0
11/12/2007,02:01:00,0.266,0.000,245.340,1.200,0.000,0.000,0.0
11/12/2007,02:02:00,0.218,0.000,245.260,0.800,0.000,0.000,0.0
11/12/2007,02:03:00,0.218,0.000,245.580,0.800,0.000,0.000,0.0
11/12/2007,02:04:00,0.220,0.000,246.080,0.800,0.000,0.000,0.0
11/12/2007,02:05:00,0.220,0.000,246.110,0.800,0.000,0.000,0.0
11/12/2007,02:06:00,0.220,0.000,246.800,0.800,0.000,0.000,0.0
11/12/2007,02:07:00,0.222,0.000,247.140,0.800,0.000,0.000,0.0
11/12/2007,02:08:00,0.220,0.000,247.090,0.800,0.000,0.000,0.0
11/12/2007,02:09:00,0.220,0.000,247.100,0.800,0.000,0.000,0.0
11/12/2007,02:10:00,0.220,0.000,247.070,0.800,0.000,0.000,0.0
11/12/2007,02:11:00,0.220,0.000,246.420,0.800,0.000,0.000,0.0
11/12/2007,02:12:00,0.218,0.000,245.940,0.800,0.000,0.000,0.0
11/12/2007,02:13:00,0.244,0.000,246.420,1.200,0.000,0.000,0.0
11/12/2007,02:14:00,0.298,0.080,246.520,1.200,0.000,0.000,0.0
11/12/2007,02:15:00,0.296,0.076,245.520,1.200,0.000,0.000,0.0
11/12/2007,02:16:00,0.296,0.076,245.350,1.200,0.000,0.000,0.0
11/12/2007,02:17:00,0.296,0.076,245.410,1.200,0.000,0.000,0.0
11/12/2007,02:18:00,0.296,0.080,246.420,1.200,0.000,0.000,0.0
11/12/2007,02:19:00,0.296,0.080,246.460,1.200,0.000,0.000,0.0
11/12/2007,02:20:00,0.294,0.080,246.650,1.200,0.000,0.000,0.0
11/12/2007,02:21:00,0.294,0.080,246.850,1.200,0.000,0.000,0.0
11/12/2007,02:22:00,0.294,0.084,247.790,1.200,0.000,0.000,0.0
11/12/2007,02:23:00,0.280,0.060,248.190,1.200,0.000,0.000,0.0
11/12/2007,02:24:00,0.224,0.000,248.410,0.800,0.000,0.000,0.0
11/12/2007,02:25:00,0.222,0.000,248.240,0.800,0.000,0.000,0.0
11/12/2007,02:26:00,0.222,0.000,248.060,0.800,0.000,0.000,0.0
11/12/2007,02:27:00,0.224,0.000,248.560,0.800,0.000,0.000,0.0
11/12/2007,02:28:00,0.222,0.000,248.220,0.800,0.000,0.000,0.0
11/12/2007,02:29:00,0.252,0.000,248.270,1.200,0.000,0.000,0.0
11/12/2007,02:30:00,0.336,0.118,247.930,1.400,0.000,0.000,0.0
11/12/2007,02:31:00,0.332,0.116,247.230,1.400,0.000,0.000,0.0
11/12/2007,02:32:00,0.330,0.114,247.170,1.400,0.000,0.000,0.0
11/12/2007,02:33:00,0.328,0.116,247.210,1.400,0.000,0.000,0.0
11/12/2007,02:34:00,0.326,0.114,247.020,1.400,0.000,0.000,0.0
11/12/2007,02:35:00,0.326,0.114,247.040,1.400,0.000,0.000,0.0
11/12/2007,02:36:00,0.324,0.116,247.490,1.400,0.000,0.000,0.0
11/12/2007,02:37:00,0.324,0.118,247.800,1.400,0.000,0.000,0.0
11/12/2007,02:38:00,0.322,0.118,247.700,1.400,0.000,0.000,0.0
11/12/2007,02:39:00,0.322,0.118,247.580,1.400,0.000,0.000,0.0
11/12/2007,02:40:00,0.318,0.114,246.530,1.400,0.000,0.000,0.0
11/12/2007,02:41:00,0.318,0.114,247.000,1.400,0.000,0.000,0.0
11/12/2007,02:42:00,0.318,0.116,247.320,1.400,0.000,0.000,0.0
11/12/2007,02:43:00,0.316,0.112,247.140,1.400,0.000,0.000,0.0
11/12/2007,02:44:00,0.222,0.000,248.060,0.800,0.000,0.000,0.0
11/12/2007,02:45:00,0.222,0.000,248.370,0.800,0.000,0.000,0.0
11/12/2007,02:46:00,0.222,0.000,248.160,0.800,0.000,0.000,0.0
11/12/2007,02:47:00,0.222,0.000,247.890,0.800,0.000,0.000,0.0
11/12/2007,02:48:00,0.222,0.000,248.540,0.800,0.000,0.000,0.0
11/12/2007,02:49:00,0.222,0.000,248.010,0.800,0.000,0.000,0.0
11/12/2007,02:50:00,0.220,0.000,247.190,0.800,0.000,0.000,0.0
11/12/2007,02:51:00,0.222,0.000,247.640,0.800,0.000,0.000,0.0
11/12/2007,02:52:00,0.222,0.000,247.600,0.800,0.000,0.000,0.0
11/12/2007,02:53:00,0.222,0.000,247.820,0.800,0.000,0.000,0.0
11/12/2007,02:54:00,0.222,0.000,247.560,0.800,0.000,0.000,0.0
11/12/2007,02:55:00,0.222,0.000,247.230,0.800,0.000,0.000,0.0
11/12/2007,02:56:00,0.220,0.000,245.980,0.800,0.000,0.000,0.0
11/12/2007,02:57:00,0.218,0.000,245.260,0.800,0.000,0.000,0.0
11/12/2007,02:58:00,0.268,0.000,244.700,1.200,0.000,0.000,0.0
11/12/2007,02:59:00,0.294,0.076,244.970,1.200,0.000,0.000,0.0
11/12/2007,03:00:00,0.296,0.078,245.800,1.200,0.000,0.000,0.0
11/12/2007,03:01:00,0.296,0.076,245.350,1.200,0.000,0.000,0.0
11/12/2007,03:02:00,0.296,0.076,244.840,1.200,0.000,0.000,0.0
11/12/2007,03:03:00,0.294,0.076,245.250,1.200,0.000,0.000,0.0
11/12/2007,03:04:00,0.292,0.076,245.160,1.200,0.000,0.000,0.0
11/12/2007,03:05:00,0.290,0.074,244.430,1.200,0.000,0.000,0.0
11/12/2007,03:06:00,0.290,0.074,244.320,1.200,0.000,0.000,0.0
11/12/2007,03:07:00,0.288,0.074,244.480,1.200,0.000,0.000,0.0
11/12/2007,03:08:00,0.220,0.000,245.300,0.800,0.000,0.000,0.0
11/12/2007,03:09:00,0.218,0.000,245.600,0.800,0.000,0.000,0.0
11/12/2007,03:10:00,0.218,0.000,246.080,0.800,0.000,0.000,0.0
11/12/2007,03:11:00,0.220,0.000,245.930,0.800,0.000,0.000,0.0
11/12/2007,03:12:00,0.220,0.000,246.500,0.800,0.000,0.000,0.0
11/12/2007,03:13:00,0.322,0.082,246.210,1.400,0.000,0.000,0.0
11/12/2007,03:14:00,0.330,0.110,245.620,1.400,0.000,0.000,0.0
11/12/2007,03:15:00,0.328,0.110,245.880,1.400,0.000,0.000,0.0
11/12/2007,03:16:00,0.328,0.112,246.510,1.400,0.000,0.000,0.0
11/12/2007,03:17:00,0.324,0.110,245.920,1.400,0.000,0.000,0.0
11/12/2007,03:18:00,0.324,0.110,245.920,1.400,0.000,0.000,0.0
11/12/2007,03:19:00,0.322,0.110,245.590,1.400,0.000,0.000,0.0
11/12/2007,03:20:00,0.320,0.108,245.080,1.400,0.000,0.000,0.0
11/12/2007,03:21:00,0.320,0.108,245.380,1.400,0.000,0.000,0.0
11/12/2007,03:22:00,0.370,0.166,244.930,1.800,0.000,0.000,0.0
11/12/2007,03:23:00,0.400,0.236,245.040,1.800,0.000,1.000,0.0
11/12/2007,03:24:00,0.400,0.238,245.550,1.800,0.000,1.000,0.0
11/12/2007,03:25:00,0.398,0.236,245.340,1.800,0.000,2.000,0.0
11/12/2007,03:26:00,0.400,0.238,245.570,1.800,0.000,1.000,0.0
11/12/2007,03:27:00,0.324,0.126,246.050,1.400,0.000,2.000,0.0
11/12/2007,03:28:00,0.306,0.098,246.240,1.200,0.000,1.000,0.0
11/12/2007,03:29:00,0.306,0.098,246.340,1.200,0.000,2.000,0.0
11/12/2007,03:30:00,0.304,0.096,245.880,1.200,0.000,1.000,0.0
11/12/2007,03:31:00,0.304,0.096,245.820,1.200,0.000,1.000,0.0
11/12/2007,03:32:00,0.304,0.096,245.560,1.200,0.000,2.000,0.0
11/12/2007,03:33:00,0.302,0.094,244.930,1.200,0.000,1.000,0.0
11/12/2007,03:34:00,0.300,0.094,244.780,1.200,0.000,2.000,0.0
11/12/2007,03:35:00,0.300,0.094,244.850,1.200,0.000,1.000,0.0
11/12/2007,03:36:00,0.294,0.086,245.100,1.200,0.000,1.000,0.0
11/12/2007,03:37:00,0.218,0.000,244.950,0.800,0.000,0.000,0.0
11/12/2007,03:38:00,0.218,0.000,244.850,0.800,0.000,0.000,0.0
11/12/2007,03:39:00,0.218,0.000,245.120,0.800,0.000,0.000,0.0
11/12/2007,03:40:00,0.218,0.000,245.940,0.800,0.000,0.000,0.0
11/12/2007,03:41:00,0.218,0.000,246.070,0.800,0.000,0.000,0.0
11/12/2007,03:42:00,0.220,0.000,246.220,0.800,0.000,0.000,0.0
11/12/2007,03:43:00,0.312,0.078,246.100,1.400,0.000,0.000,0.0
11/12/2007,03:44:00,0.296,0.078,245.960,1.200,0.000,0.000,0.0
11/12/2007,03:45:00,0.298,0.078,245.690,1.200,0.000,0.000,0.0
11/12/2007,03:46:00,0.298,0.080,246.210,1.200,0.000,0.000,0.0
11/12/2007,03:47:00,0.298,0.080,246.520,1.200,0.000,0.000,0.0
11/12/2007,03:48:00,0.296,0.080,246.790,1.200,0.000,0.000,0.0
11/12/2007,03:49:00,0.292,0.078,245.960,1.200,0.000,0.000,0.0
11/12/2007,03:50:00,0.292,0.078,245.920,1.200,0.000,0.000,0.0
11/12/2007,03:51:00,0.290,0.078,245.950,1.200,0.000,0.000,0.0
11/12/2007,03:52:00,0.230,0.000,245.950,1.000,0.000,0.000,0.0
11/12/2007,03:53:00,0.218,0.000,245.600,0.800,0.000,0.000,0.0
11/12/2007,03:54:00,0.218,0.000,245.650,0.800,0.000,0.000,0.0
11/12/2007,03:55:00,0.244,0.000,245.680,1.200,0.000,0.000,0.0
11/12/2007,03:56:00,0.332,0.110,245.920,1.400,0.000,0.000,0.0
11/12/2007,03:57:00,0.330,0.110,245.680,1.400,0.000,0.000,0.0
11/12/2007,03:58:00,0.712,0.104,244.980,3.600,0.000,0.000,5.0
11/12/2007,03:59:00,1.474,0.096,244.700,6.000,0.000,0.000,19.0
11/12/2007,04:00:00,1.462,0.098,245.120,5.800,0.000,0.000,19.0
11/12/2007,04:01:00,1.444,0.096,244.820,5.800,0.000,0.000,18.0
11/12/2007,04:02:00,1.438,0.096,244.960,5.800,0.000,0.000,19.0
11/12/2007,04:03:00,1.438,0.098,245.430,5.800,0.000,0.000,19.0
11/12/2007,04:04:00,1.436,0.098,245.570,5.800,0.000,0.000,18.0
11/12/2007,04:05:00,1.424,0.096,244.650,5.800,0.000,0.000,19.0
11/12/2007,04:06:00,1.422,0.096,244.600,5.800,0.000,0.000,18.0
11/12/2007,04:07:00,1.420,0.096,244.650,5.800,0.000,0.000,18.0
11/12/2007,04:08:00,1.416,0.096,244.450,5.800,0.000,0.000,19.0
11/12/2007,04:09:00,1.380,0.048,243.920,5.600,0.000,0.000,18.0
11/12/2007,04:10:00,1.310,0.000,243.430,5.400,0.000,0.000,18.0
11/12/2007,04:11:00,1.310,0.000,243.380,5.400,0.000,0.000,18.0
11/12/2007,04:12:00,1.316,0.000,243.920,5.400,0.000,0.000,18.0
11/12/2007,04:13:00,1.326,0.000,244.900,5.400,0.000,0.000,19.0
11/12/2007,04:14:00,1.334,0.000,245.650,5.400,0.000,0.000,18.0
11/12/2007,04:15:00,1.332,0.000,245.630,5.400,0.000,0.000,19.0
11/12/2007,04:16:00,1.322,0.000,244.640,5.400,0.000,0.000,18.0
11/12/2007,04:17:00,1.318,0.000,244.280,5.400,0.000,0.000,18.0
11/12/2007,04:18:00,1.322,0.000,244.600,5.400,0.000,0.000,19.0
11/12/2007,04:19:00,1.326,0.000,244.910,5.400,0.000,0.000,18.0
11/12/2007,04:20:00,1.322,0.000,244.590,5.400,0.000,0.000,19.0
11/12/2007,04:21:00,1.320,0.000,244.480,5.400,0.000,0.000,18.0
11/12/2007,04:22:00,1.322,0.000,244.650,5.400,0.000,0.000,18.0
11/12/2007,04:23:00,1.322,0.000,244.570,5.400,0.000,0.000,18.0
11/12/2007,04:24:00,1.332,0.000,244.260,5.400,0.000,0.000,19.0
11/12/2007,04:25:00,1.348,0.000,245.110,5.400,0.000,0.000,18.0
11/12/2007,04:26:00,1.342,0.000,245.190,5.400,0.000,0.000,19.0
11/12/2007,04:27:00,1.380,0.000,245.260,5.600,0.000,0.000,18.0
11/12/2007,04:28:00,1.406,0.066,245.550,5.600,0.000,0.000,18.0
11/12/2007,04:29:00,1.404,0.066,245.320,5.600,0.000,0.000,19.0
11/12/2007,04:30:00,1.406,0.066,245.340,5.600,0.000,0.000,18.0
11/12/2007,04:31:00,1.406,0.066,245.520,5.600,0.000,0.000,19.0
11/12/2007,04:32:00,1.398,0.064,244.900,5.600,0.000,0.000,18.0
11/12/2007,04:33:00,0.408,0.080,246.330,2.200,0.000,0.000,3.0
11/12/2007,04:34:00,0.292,0.078,245.930,1.200,0.000,0.000,0.0
11/12/2007,04:35:00,0.292,0.078,245.830,1.200,0.000,0.000,0.0
11/12/2007,04:36:00,0.258,0.000,245.210,1.000,0.000,0.000,0.0
11/12/2007,04:37:00,0.218,0.000,245.030,0.800,0.000,0.000,0.0
11/12/2007,04:38:00,0.260,0.000,244.180,1.200,0.000,0.000,0.0
11/12/2007,04:39:00,0.330,0.104,243.960,1.400,0.000,0.000,0.0
11/12/2007,04:40:00,0.326,0.104,243.860,1.400,0.000,0.000,0.0
11/12/2007,04:41:00,0.324,0.104,244.230,1.400,0.000,0.000,0.0
11/12/2007,04:42:00,0.324,0.106,244.350,1.400,0.000,0.000,0.0
11/12/2007,04:43:00,0.322,0.106,244.420,1.400,0.000,0.000,0.0
11/12/2007,04:44:00,0.322,0.110,245.430,1.400,0.000,0.000,0.0
11/12/2007,04:45:00,0.322,0.110,245.710,1.400,0.000,0.000,0.0
11/12/2007,04:46:00,0.320,0.110,245.730,1.400,0.000,0.000,0.0
11/12/2007,04:47:00,0.320,0.110,245.520,1.400,0.000,0.000,0.0
11/12/2007,04:48:00,0.316,0.108,244.900,1.400,0.000,0.000,0.0
11/12/2007,04:49:00,0.316,0.108,245.150,1.400,0.000,0.000,0.0
11/12/2007,04:50:00,0.314,0.108,245.020,1.400,0.000,0.000,0.0
11/12/2007,04:51:00,0.314,0.106,244.680,1.400,0.000,0.000,0.0
11/12/2007,04:52:00,0.258,0.000,245.530,1.000,0.000,0.000,0.0
11/12/2007,04:53:00,0.218,0.000,245.010,0.800,0.000,0.000,0.0
11/12/2007,04:54:00,0.218,0.000,244.610,0.800,0.000,0.000,0.0
11/12/2007,04:55:00,0.216,0.000,244.550,0.800,0.000,0.000,0.0
11/12/2007,04:56:00,0.216,0.000,244.330,0.800,0.000,0.000,0.0
11/12/2007,04:57:00,0.216,0.000,243.710,0.800,0.000,0.000,0.0
11/12/2007,04:58:00,0.216,0.000,243.800,0.800,0.000,0.000,0.0
11/12/2007,04:59:00,0.216,0.000,243.880,0.800,0.000,0.000,0.0
11/12/2007,05:00:00,0.216,0.000,244.200,0.800,0.000,0.000,0.0
11/12/2007,05:01:00,0.218,0.000,244.750,0.800,0.000,0.000,0.0
11/12/2007,05:02:00,0.216,0.000,244.470,0.800,0.000,0.000,0.0
11/12/2007,05:03:00,0.216,0.000,244.220,0.800,0.000,0.000,0.0
11/12/2007,05:04:00,0.216,0.000,244.200,0.800,0.000,0.000,0.0
11/12/2007,05:05:00,0.216,0.000,244.140,0.800,0.000,0.000,0.0
11/12/2007,05:06:00,0.300,0.068,243.700,1.400,0.000,0.000,0.0
11/12/2007,05:07:00,0.302,0.090,243.380,1.200,0.000,2.000,0.0
11/12/2007,05:08:00,0.300,0.090,243.770,1.200,0.000,1.000,0.0
11/12/2007,05:09:00,0.300,0.090,243.360,1.200,0.000,1.000,0.0
11/12/2007,05:10:00,0.300,0.090,243.190,1.200,0.000,2.000,0.0
11/12/2007,05:11:00,0.304,0.094,244.550,1.200,0.000,1.000,0.0
11/12/2007,05:12:00,0.370,0.166,245.240,1.800,0.000,2.000,0.0
11/12/2007,05:13:00,0.380,0.204,245.500,1.600,0.000,1.000,0.0
11/12/2007,05:14:00,0.380,0.204,245.050,1.600,0.000,2.000,0.0
11/12/2007,05:15:00,0.380,0.202,244.680,1.600,0.000,1.000,0.0
11/12/2007,05:16:00,0.380,0.204,245.410,1.600,0.000,1.000,0.0
11/12/2007,05:17:00,0.376,0.204,245.240,1.600,0.000,2.000,0.0
11/12/2007,05:18:00,0.376,0.206,245.810,1.600,0.000,1.000,0.0
11/12/2007,05:19:00,0.374,0.208,246.210,1.600,0.000,2.000,0.0
11/12/2007,05:20:00,0.320,0.124,246.120,1.400,0.000,0.000,0.0
11/12/2007,05:21:00,0.236,0.000,246.080,1.000,0.000,0.000,0.0
11/12/2007,05:22:00,0.310,0.068,245.840,1.400,0.000,0.000,0.0
11/12/2007,05:23:00,0.332,0.110,245.630,1.400,0.000,0.000,0.0
11/12/2007,05:24:00,0.326,0.108,245.330,1.400,0.000,0.000,0.0
11/12/2007,05:25:00,0.324,0.106,244.330,1.400,0.000,0.000,0.0
11/12/2007,05:26:00,0.322,0.104,243.660,1.400,0.000,0.000,0.0
11/12/2007,05:27:00,0.320,0.104,243.680,1.400,0.000,0.000,0.0
11/12/2007,05:28:00,0.320,0.104,243.920,1.400,0.000,0.000,0.0
11/12/2007,05:29:00,0.318,0.106,244.430,1.400,0.000,0.000,0.0
11/12/2007,05:30:00,0.318,0.106,244.660,1.400,0.000,0.000,0.0
11/12/2007,05:31:00,0.316,0.106,244.230,1.400,0.000,0.000,0.0
11/12/2007,05:32:00,0.316,0.104,244.180,1.400,0.000,0.000,0.0
11/12/2007,05:33:00,0.314,0.104,243.730,1.400,0.000,0.000,0.0
11/12/2007,05:34:00,0.312,0.102,243.600,1.400,0.000,0.000,0.0
11/12/2007,05:35:00,0.312,0.104,243.600,1.400,0.000,0.000,0.0
11/12/2007,05:36:00,0.222,0.000,243.790,1.000,0.000,0.000,0.0
11/12/2007,05:37:00,0.216,0.000,244.180,0.800,0.000,0.000,0.0
11/12/2007,05:38:00,0.218,0.000,244.580,0.800,0.000,0.000,0.0
11/12/2007,05:39:00,0.216,0.000,244.370,0.800,0.000,0.000,0.0
11/12/2007,05:40:00,0.218,0.000,244.930,0.800,0.000,0.000,0.0
11/12/2007,05:41:00,0.218,0.000,244.570,0.800,0.000,0.000,0.0
11/12/2007,05:42:00,0.218,0.000,244.680,0.800,0.000,0.000,0.0
11/12/2007,05:43:00,0.220,0.000,246.480,0.800,0.000,0.000,0.0
11/12/2007,05:44:00,0.220,0.000,246.530,0.800,0.000,0.000,0.0
11/12/2007,05:45:00,0.220,0.000,246.490,0.800,0.000,0.000,0.0
11/12/2007,05:46:00,0.220,0.000,246.430,0.800,0.000,0.000,0.0
11/12/2007,05:47:00,0.220,0.000,246.480,0.800,0.000,0.000,0.0
11/12/2007,05:48:00,0.220,0.000,247.190,0.800,0.000,0.000,0.0
11/12/2007,05:49:00,0.222,0.000,247.820,0.800,0.000,0.000,0.0
11/12/2007,05:50:00,0.220,0.000,247.090,0.800,0.000,0.000,0.0
11/12/2007,05:51:00,0.222,0.000,247.900,0.800,0.000,0.000,0.0
11/12/2007,05:52:00,0.222,0.000,247.450,0.800,0.000,0.000,0.0
11/12/2007,05:53:00,0.220,0.000,247.160,0.800,0.000,0.000,0.0
11/12/2007,05:54:00,0.220,0.000,247.160,0.800,0.000,0.000,0.0
11/12/2007,05:55:00,0.222,0.000,247.460,0.800,0.000,0.000,0.0
11/12/2007,05:56:00,0.222,0.000,248.210,0.800,0.000,0.000,0.0
11/12/2007,05:57:00,0.284,0.000,247.610,1.400,0.000,0.000,0.0
11/12/2007,05:58:00,0.302,0.082,247.510,1.200,0.000,0.000,0.0
11/12/2007,05:59:00,0.308,0.082,247.470,1.200,0.000,0.000,0.0
11/12/2007,06:00:00,0.306,0.084,247.530,1.200,0.000,0.000,0.0
11/12/2007,06:01:00,0.306,0.086,248.090,1.200,0.000,0.000,0.0
11/12/2007,06:02:00,0.304,0.084,247.720,1.200,0.000,0.000,0.0
11/12/2007,06:03:00,0.302,0.082,247.350,1.200,0.000,0.000,0.0
11/12/2007,06:04:00,0.302,0.084,248.130,1.200,0.000,0.000,0.0
11/12/2007,06:05:00,0.374,0.160,246.870,1.800,0.000,0.000,0.0
11/12/2007,06:06:00,0.354,0.136,246.530,1.600,0.000,0.000,0.0
11/12/2007,06:07:00,0.336,0.116,247.030,1.400,0.000,0.000,0.0
11/12/2007,06:08:00,0.334,0.114,246.480,1.400,0.000,0.000,0.0
11/12/2007,06:09:00,0.332,0.114,246.810,1.400,0.000,0.000,0.0
11/12/2007,06:10:00,0.330,0.112,246.290,1.400,0.000,0.000,0.0
11/12/2007,06:11:00,0.328,0.110,245.540,1.400,0.000,0.000,0.0
11/12/2007,06:12:00,0.326,0.108,245.150,1.400,0.000,0.000,0.0
11/12/2007,06:13:00,0.326,0.108,245.380,1.400,0.000,0.000,0.0
11/12/2007,06:14:00,0.324,0.110,245.390,1.400,0.000,0.000,0.0
11/12/2007,06:15:00,0.324,0.110,245.820,1.400,0.000,0.000,0.0
11/12/2007,06:16:00,0.322,0.108,245.410,1.400,0.000,0.000,0.0
11/12/2007,06:17:00,0.320,0.108,245.110,1.400,0.000,0.000,0.0
11/12/2007,06:18:00,0.316,0.102,246.500,1.400,0.000,0.000,0.0
11/12/2007,06:19:00,0.224,0.000,246.340,0.800,0.000,0.000,0.0
11/12/2007,06:20:00,0.224,0.000,245.550,0.800,0.000,0.000,0.0
11/12/2007,06:21:00,0.224,0.000,246.290,0.800,0.000,0.000,0.0
11/12/2007,06:22:00,0.224,0.000,245.960,0.800,0.000,0.000,0.0
11/12/2007,06:23:00,0.222,0.000,244.900,0.800,0.000,0.000,0.0
11/12/2007,06:24:00,0.222,0.000,244.680,0.800,0.000,0.000,0.0
11/12/2007,06:25:00,0.222,0.000,244.760,0.800,0.000,0.000,0.0
11/12/2007,06:26:00,0.222,0.000,245.410,0.800,0.000,0.000,0.0
11/12/2007,06:27:00,0.224,0.000,245.650,0.800,0.000,0.000,0.0
11/12/2007,06:28:00,0.222,0.000,245.430,0.800,0.000,0.000,0.0
11/12/2007,06:29:00,0.224,0.000,245.920,0.800,0.000,0.000,0.0
11/12/2007,06:30:00,0.224,0.000,245.780,0.800,0.000,0.000,0.0
11/12/2007,06:31:00,0.222,0.000,245.140,0.800,0.000,0.000,0.0
11/12/2007,06:32:00,0.222,0.000,244.630,0.800,0.000,0.000,0.0
11/12/2007,06:33:00,0.222,0.000,244.650,0.800,0.000,0.000,0.0
11/12/2007,06:34:00,0.222,0.000,244.940,0.800,0.000,0.000,0.0
11/12/2007,06:35:00,0.222,0.000,245.190,0.800,0.000,0.000,0.0
11/12/2007,06:36:00,0.222,0.000,245.590,0.800,0.000,0.000,0.0
11/12/2007,06:37:00,0.222,0.000,245.370,0.800,0.000,0.000,0.0
11/12/2007,06:38:00,0.220,0.000,244.330,0.800,0.000,0.000,0.0
11/12/2007,06:39:00,0.220,0.000,244.240,0.800,0.000,0.000,0.0
11/12/2007,06:40:00,0.222,0.000,244.700,0.800,0.000,0.000,0.0
11/12/2007,06:41:00,0.222,0.000,244.850,0.800,0.000,0.000,0.0
11/12/2007,06:42:00,0.246,0.000,244.690,1.200,0.000,0.000,0.0
11/12/2007,06:43:00,0.298,0.072,243.790,1.200,0.000,0.000,0.0
11/12/2007,06:44:00,0.312,0.088,243.480,1.200,0.000,0.000,0.0
11/12/2007,06:45:00,0.344,0.126,243.970,1.400,0.000,0.000,0.0
11/12/2007,06:46:00,0.352,0.136,244.980,1.400,0.000,0.000,0.0
11/12/2007,06:47:00,3.474,0.104,242.870,16.200,0.000,0.000,0.0
11/12/2007,06:48:00,3.154,0.118,243.650,13.800,0.000,0.000,0.0
11/12/2007,06:49:00,3.814,0.284,243.020,15.600,0.000,0.000,0.0
11/12/2007,06:50:00,3.022,0.376,243.860,13.600,0.000,1.000,0.0
11/12/2007,06:51:00,0.986,0.402,246.070,4.200,0.000,1.000,0.0
11/12/2007,06:52:00,0.916,0.296,245.740,3.800,0.000,2.000,0.0
11/12/2007,06:53:00,0.920,0.288,245.350,3.800,0.000,1.000,0.0
11/12/2007,06:54:00,0.944,0.290,245.680,4.000,0.000,2.000,0.0
11/12/2007,06:55:00,1.032,0.290,246.380,4.200,0.000,1.000,0.0
11/12/2007,06:56:00,1.186,0.300,246.310,5.200,0.000,1.000,0.0
11/12/2007,06:57:00,2.488,0.330,246.130,10.200,0.000,2.000,0.0
11/12/2007,06:58:00,1.282,0.310,246.690,5.800,0.000,1.000,0.0
11/12/2007,06:59:00,0.910,0.286,245.190,3.800,0.000,2.000,0.0
11/12/2007,07:00:00,0.672,0.286,244.040,3.000,0.000,1.000,0.0
11/12/2007,07:01:00,0.738,0.284,243.080,3.200,0.000,1.000,0.0
11/12/2007,07:02:00,0.744,0.266,242.680,3.200,0.000,2.000,0.0
11/12/2007,07:03:00,0.650,0.132,243.140,2.800,0.000,1.000,0.0
11/12/2007,07:04:00,0.578,0.000,243.100,2.400,0.000,0.000,0.0
11/12/2007,07:05:00,0.592,0.000,243.960,2.400,0.000,0.000,0.0
11/12/2007,07:06:00,0.592,0.000,244.780,2.400,0.000,0.000,0.0
11/12/2007,07:07:00,0.586,0.000,244.000,2.400,0.000,0.000,0.0
11/12/2007,07:08:00,0.582,0.000,242.470,2.400,0.000,0.000,0.0
11/12/2007,07:09:00,0.584,0.000,242.110,2.400,0.000,0.000,0.0
11/12/2007,07:10:00,0.596,0.000,242.810,2.400,0.000,0.000,0.0
11/12/2007,07:11:00,0.590,0.000,242.010,2.400,0.000,0.000,0.0
11/12/2007,07:12:00,0.584,0.000,242.020,2.400,0.000,0.000,0.0
11/12/2007,07:13:00,0.582,0.000,242.980,2.400,0.000,0.000,0.0
11/12/2007,07:14:00,0.598,0.000,243.020,2.400,0.000,0.000,0.0
11/12/2007,07:15:00,0.598,0.000,241.960,2.400,0.000,0.000,0.0
11/12/2007,07:16:00,0.588,0.000,240.270,2.400,0.000,0.000,0.0
11/12/2007,07:17:00,0.580,0.000,239.240,2.400,0.000,0.000,0.0
11/12/2007,07:18:00,0.568,0.000,240.370,2.400,0.000,0.000,0.0
11/12/2007,07:19:00,0.582,0.000,239.680,2.400,0.000,0.000,0.0
11/12/2007,07:20:00,0.604,0.000,239.600,2.600,0.000,0.000,0.0
11/12/2007,07:21:00,0.658,0.124,240.700,2.800,0.000,0.000,0.0
11/12/2007,07:22:00,0.664,0.126,241.520,2.800,0.000,0.000,0.0
11/12/2007,07:23:00,0.666,0.126,241.520,2.800,0.000,0.000,0.0
11/12/2007,07:24:00,0.678,0.128,241.920,2.800,0.000,0.000,0.0
11/12/2007,07:25:00,0.714,0.126,241.750,3.000,0.000,0.000,0.0
11/12/2007,07:26:00,0.708,0.132,242.820,3.000,0.000,0.000,0.0
11/12/2007,07:27:00,0.708,0.134,243.320,3.000,0.000,0.000,0.0
11/12/2007,07:28:00,0.702,0.132,242.520,3.000,0.000,0.000,0.0
11/12/2007,07:29:00,0.704,0.130,242.140,3.000,0.000,0.000,0.0
11/12/2007,07:30:00,0.702,0.118,242.810,3.000,0.000,0.000,0.0
11/12/2007,07:31:00,0.654,0.000,242.270,2.800,0.000,0.000,0.0
11/12/2007,07:32:00,0.732,0.158,241.510,3.000,0.000,0.000,0.0
11/12/2007,07:33:00,0.736,0.160,241.610,3.000,0.000,0.000,0.0
11/12/2007,07:34:00,0.806,0.162,242.560,3.400,0.000,0.000,0.0
11/12/2007,07:35:00,1.252,0.156,242.100,5.600,0.000,0.000,5.0
11/12/2007,07:36:00,2.118,0.144,240.830,8.800,0.000,0.000,18.0
11/12/2007,07:37:00,2.092,0.140,240.140,8.600,0.000,0.000,18.0
11/12/2007,07:38:00,2.088,0.138,239.450,8.600,0.000,0.000,18.0
11/12/2007,07:39:00,2.086,0.134,238.740,8.600,0.000,0.000,18.0
11/12/2007,07:40:00,2.038,0.136,239.090,8.400,0.000,0.000,18.0
11/12/2007,07:41:00,2.046,0.134,238.800,8.600,0.000,0.000,17.0
11/12/2007,07:42:00,2.124,0.130,238.450,8.800,0.000,0.000,18.0
11/12/2007,07:43:00,2.376,0.102,238.120,10.000,0.000,0.000,17.0
11/12/2007,07:44:00,2.380,0.104,238.390,10.000,0.000,0.000,18.0
11/12/2007,07:45:00,2.386,0.104,238.560,10.000,0.000,0.000,17.0
11/12/2007,07:46:00,2.314,0.000,238.960,9.600,0.000,0.000,18.0
11/12/2007,07:47:00,2.298,0.000,238.430,9.600,0.000,0.000,17.0
11/12/2007,07:48:00,2.758,0.052,237.620,11.600,0.000,0.000,17.0
11/12/2007,07:49:00,2.766,0.052,237.580,11.600,0.000,0.000,18.0
11/12/2007,07:50:00,2.776,0.052,238.190,11.600,0.000,0.000,17.0
11/12/2007,07:51:00,3.054,0.054,239.110,12.800,0.000,0.000,18.0
11/12/2007,07:52:00,3.086,0.052,239.240,12.800,0.000,0.000,17.0
11/12/2007,07:53:00,3.022,0.052,239.320,12.600,0.000,0.000,18.0
11/12/2007,07:54:00,3.150,0.052,238.480,13.200,0.000,0.000,17.0
11/12/2007,07:55:00,4.232,0.058,239.550,17.600,0.000,0.000,18.0
11/12/2007,07:56:00,3.336,0.054,240.000,14.000,0.000,0.000,18.0
11/12/2007,07:57:00,4.052,0.062,237.740,17.000,0.000,0.000,17.0
11/12/2007,07:58:00,4.300,0.066,237.200,18.000,0.000,0.000,17.0
11/12/2007,07:59:00,4.126,0.066,237.000,17.400,0.000,0.000,17.0
11/12/2007,08:00:00,3.102,0.058,238.490,13.200,0.000,0.000,18.0
11/12/2007,08:01:00,3.042,0.056,239.350,13.000,0.000,0.000,17.0
11/12/2007,08:02:00,3.688,0.060,238.980,15.400,0.000,0.000,18.0
11/12/2007,08:03:00,2.932,0.056,239.910,12.200,0.000,0.000,18.0
11/12/2007,08:04:00,2.730,0.056,239.330,11.600,0.000,0.000,17.0
11/12/2007,08:05:00,3.066,0.114,237.820,13.200,0.000,0.000,18.0
11/12/2007,08:06:00,3.562,0.000,237.140,15.000,0.000,0.000,17.0
11/12/2007,08:07:00,2.420,0.000,237.860,10.000,0.000,0.000,17.0
11/12/2007,08:08:00,2.498,0.000,237.870,10.400,0.000,0.000,18.0
11/12/2007,08:09:00,2.434,0.126,238.560,10.200,0.000,0.000,17.0
11/12/2007,08:10:00,2.644,0.244,238.460,11.000,0.000,0.000,17.0
11/12/2007,08:11:00,2.512,0.088,239.570,10.400,0.000,0.000,18.0
11/12/2007,08:12:00,2.712,0.000,239.820,11.400,0.000,1.000,18.0
11/12/2007,08:13:00,4.932,0.000,238.880,20.600,0.000,37.000,17.0
11/12/2007,08:14:00,5.004,0.144,238.620,21.000,0.000,39.000,18.0
11/12/2007,08:15:00,4.938,0.140,237.010,20.800,0.000,38.000,17.0
11/12/2007,08:16:00,4.856,0.138,236.190,20.600,0.000,37.000,17.0
11/12/2007,08:17:00,4.666,0.132,236.530,19.600,0.000,38.000,17.0
11/12/2007,08:18:00,3.822,0.000,236.920,16.000,0.000,37.000,18.0
11/12/2007,08:19:00,3.840,0.000,237.390,16.200,0.000,39.000,17.0
11/12/2007,08:20:00,3.842,0.000,237.640,16.200,0.000,38.000,17.0
11/12/2007,08:21:00,3.860,0.000,238.530,16.200,0.000,38.000,18.0
11/12/2007,08:22:00,3.842,0.000,237.920,16.000,0.000,38.000,17.0
11/12/2007,08:23:00,3.844,0.000,238.290,16.000,0.000,39.000,17.0
11/12/2007,08:24:00,3.852,0.000,238.650,16.000,0.000,38.000,18.0
11/12/2007,08:25:00,2.752,0.050,239.720,12.400,0.000,22.000,17.0
11/12/2007,08:26:00,1.636,0.058,240.740,6.800,0.000,2.000,18.0
11/12/2007,08:27:00,2.724,0.050,239.350,12.200,0.000,18.000,18.0
11/12/2007,08:28:00,1.542,0.000,241.160,6.400,0.000,2.000,18.0
11/12/2007,08:29:00,1.508,0.000,241.450,6.200,0.000,1.000,18.0
11/12/2007,08:30:00,1.510,0.050,241.130,6.200,0.000,1.000,17.0
11/12/2007,08:31:00,1.536,0.060,241.590,6.400,0.000,1.000,18.0
11/12/2007,08:32:00,1.568,0.064,241.610,6.400,0.000,2.000,18.0
11/12/2007,08:33:00,1.646,0.000,241.170,6.800,0.000,3.000,18.0
11/12/2007,08:34:00,1.606,0.086,240.110,6.800,0.000,2.000,18.0
11/12/2007,08:35:00,1.596,0.102,240.880,6.600,0.000,2.000,17.0
11/12/2007,08:36:00,1.594,0.096,240.860,6.600,0.000,3.000,18.0
11/12/2007,08:37:00,1.576,0.060,241.390,6.600,0.000,2.000,18.0
11/12/2007,08:38:00,1.596,0.064,241.280,6.600,0.000,2.000,18.0
11/12/2007,08:39:00,1.636,0.058,241.730,6.800,0.000,3.000,18.0
11/12/2007,08:40:00,1.642,0.058,242.060,6.800,0.000,3.000,18.0
11/12/2007,08:41:00,1.648,0.068,242.610,6.800,0.000,3.000,18.0
11/12/2007,08:42:00,1.670,0.108,242.270,7.000,0.000,3.000,18.0
11/12/2007,08:43:00,1.976,0.166,242.600,8.200,0.000,8.000,18.0
11/12/2007,08:44:00,1.852,0.134,241.580,7.600,0.000,7.000,18.0
11/12/2007,08:45:00,1.832,0.130,240.440,7.600,0.000,6.000,18.0
11/12/2007,08:46:00,1.856,0.138,240.260,7.800,0.000,7.000,17.0
11/12/2007,08:47:00,1.592,0.054,240.330,6.600,0.000,3.000,18.0
11/12/2007,08:48:00,1.464,0.060,240.640,6.000,0.000,0.000,18.0
11/12/2007,08:49:00,1.464,0.056,241.120,6.000,0.000,0.000,18.0
11/12/2007,08:50:00,1.544,0.000,240.170,6.400,0.000,0.000,17.0
11/12/2007,08:51:00,1.522,0.000,239.690,6.400,0.000,0.000,18.0
11/12/2007,08:52:00,1.520,0.000,239.780,6.400,0.000,0.000,18.0
11/12/2007,08:53:00,1.518,0.000,239.680,6.400,0.000,0.000,17.0
11/12/2007,08:54:00,1.524,0.000,240.300,6.400,0.000,0.000,18.0
11/12/2007,08:55:00,1.518,0.000,239.850,6.400,0.000,0.000,18.0
11/12/2007,08:56:00,1.616,0.150,239.650,6.800,0.000,0.000,17.0
11/12/2007,08:57:00,1.628,0.176,240.320,6.800,0.000,0.000,18.0
11/12/2007,08:58:00,1.636,0.178,240.920,6.800,0.000,0.000,18.0
11/12/2007,08:59:00,1.640,0.180,241.420,6.800,0.000,0.000,18.0
11/12/2007,09:00:00,1.642,0.182,241.770,6.800,0.000,0.000,17.0
11/12/2007,09:01:00,1.614,0.148,241.340,6.800,0.000,0.000,18.0
11/12/2007,09:02:00,1.564,0.076,241.300,6.400,0.000,0.000,18.0
11/12/2007,09:03:00,1.560,0.074,240.860,6.400,0.000,0.000,18.0
11/12/2007,09:04:00,1.560,0.076,241.050,6.400,0.000,0.000,18.0
11/12/2007,09:05:00,1.550,0.072,240.100,6.400,0.000,0.000,18.0
11/12/2007,09:06:00,1.536,0.068,238.810,6.400,0.000,0.000,17.0
11/12/2007,09:07:00,1.532,0.068,239.050,6.400,0.000,0.000,18.0
11/12/2007,09:08:00,1.536,0.070,239.510,6.400,0.000,0.000,17.0
11/12/2007,09:09:00,1.534,0.070,239.540,6.400,0.000,0.000,18.0
11/12/2007,09:10:00,1.536,0.064,240.070,6.400,0.000,0.000,17.0
11/12/2007,09:11:00,1.448,0.062,240.200,6.000,0.000,0.000,18.0
11/12/2007,09:12:00,1.444,0.062,239.720,6.000,0.000,0.000,18.0
11/12/2007,09:13:00,1.448,0.062,239.570,6.000,0.000,0.000,17.0
11/12/2007,09:14:00,1.440,0.062,238.850,6.000,0.000,0.000,18.0
11/12/2007,09:15:00,1.432,0.062,237.920,6.000,0.000,0.000,17.0
11/12/2007,09:16:00,1.440,0.062,238.670,6.000,0.000,0.000,18.0
11/12/2007,09:17:00,1.446,0.060,239.360,6.000,0.000,0.000,17.0
11/12/2007,09:18:00,1.452,0.058,239.880,6.000,0.000,0.000,18.0
11/12/2007,09:19:00,1.454,0.058,240.330,6.000,0.000,0.000,18.0
11/12/2007,09:20:00,1.450,0.058,240.370,6.000,0.000,0.000,17.0
11/12/2007,09:21:00,1.446,0.060,239.990,6.000,0.000,0.000,18.0
11/12/2007,09:22:00,1.446,0.060,240.060,6.000,0.000,0.000,18.0
11/12/2007,09:23:00,1.452,0.060,240.730,6.000,0.000,0.000,17.0
11/12/2007,09:24:00,1.454,0.058,240.860,6.000,0.000,0.000,18.0
11/12/2007,09:25:00,1.450,0.060,240.380,6.000,0.000,0.000,18.0
11/12/2007,09:26:00,1.452,0.060,240.650,6.000,0.000,0.000,18.0
11/12/2007,09:27:00,1.462,0.058,241.630,6.000,0.000,0.000,18.0
11/12/2007,09:28:00,1.468,0.058,241.540,6.000,0.000,0.000,18.0
11/12/2007,09:29:00,1.460,0.058,240.690,6.000,0.000,0.000,17.0
11/12/2007,09:30:00,1.462,0.058,240.830,6.000,0.000,0.000,18.0
11/12/2007,09:31:00,1.462,0.056,240.860,6.000,0.000,0.000,18.0
11/12/2007,09:32:00,1.460,0.056,241.050,6.000,0.000,0.000,18.0
11/12/2007,09:33:00,1.452,0.058,240.710,6.000,0.000,0.000,17.0
11/12/2007,09:34:00,1.486,0.000,239.950,6.200,0.000,0.000,18.0
11/12/2007,09:35:00,1.514,0.000,239.360,6.400,0.000,0.000,18.0
11/12/2007,09:36:00,1.514,0.000,239.260,6.400,0.000,0.000,17.0
11/12/2007,09:37:00,1.520,0.000,239.830,6.400,0.000,0.000,18.0
11/12/2007,09:38:00,1.618,0.136,240.890,6.800,0.000,0.000,18.0
11/12/2007,09:39:00,1.644,0.178,241.400,6.800,0.000,0.000,18.0
11/12/2007,09:40:00,1.654,0.184,242.780,6.800,0.000,0.000,18.0
11/12/2007,09:41:00,1.658,0.186,243.330,6.800,0.000,0.000,18.0
11/12/2007,09:42:00,1.656,0.188,243.420,6.800,0.000,0.000,18.0
11/12/2007,09:43:00,1.654,0.186,242.820,6.800,0.000,0.000,18.0
11/12/2007,09:44:00,1.640,0.182,241.580,6.800,0.000,0.000,18.0
11/12/2007,09:45:00,1.630,0.180,241.480,6.800,0.000,0.000,18.0
11/12/2007,09:46:00,1.578,0.118,240.480,6.600,0.000,0.000,18.0
11/12/2007,09:47:00,1.548,0.072,240.460,6.400,0.000,0.000,17.0
11/12/2007,09:48:00,1.546,0.072,240.460,6.400,0.000,0.000,18.0
11/12/2007,09:49:00,1.544,0.072,240.290,6.400,0.000,0.000,18.0
11/12/2007,09:50:00,1.540,0.072,239.920,6.400,0.000,0.000,17.0
11/12/2007,09:51:00,1.538,0.072,239.780,6.400,0.000,0.000,18.0
11/12/2007,09:52:00,1.526,0.068,238.820,6.400,0.000,0.000,17.0
11/12/2007,09:53:00,1.446,0.046,238.710,6.000,0.000,0.000,18.0
11/12/2007,09:54:00,1.434,0.062,238.770,6.000,0.000,0.000,17.0
11/12/2007,09:55:00,1.438,0.060,239.210,6.000,0.000,0.000,18.0
11/12/2007,09:56:00,1.438,0.062,239.090,6.000,0.000,0.000,18.0
11/12/2007,09:57:00,1.438,0.060,239.290,6.000,0.000,0.000,17.0
11/12/2007,09:58:00,1.436,0.060,239.020,6.000,0.000,0.000,18.0
11/12/2007,09:59:00,1.436,0.060,239.110,6.000,0.000,0.000,17.0
11/12/2007,10:00:00,1.436,0.062,238.930,6.000,0.000,0.000,18.0
11/12/2007,10:01:00,1.450,0.060,240.310,6.000,0.000,0.000,17.0
11/12/2007,10:02:00,1.452,0.060,240.400,6.000,0.000,0.000,18.0
11/12/2007,10:03:00,1.452,0.060,240.430,6.000,0.000,0.000,18.0
11/12/2007,10:04:00,1.448,0.060,240.160,6.000,0.000,0.000,18.0
11/12/2007,10:05:00,1.442,0.060,239.420,6.000,0.000,0.000,17.0
11/12/2007,10:06:00,1.442,0.060,239.390,6.000,0.000,0.000,18.0
11/12/2007,10:07:00,1.444,0.060,239.790,6.000,0.000,0.000,17.0
11/12/2007,10:08:00,1.446,0.060,240.010,6.000,0.000,0.000,18.0
11/12/2007,10:09:00,1.444,0.060,239.770,6.000,0.000,0.000,18.0
11/12/2007,10:10:00,1.426,0.062,237.990,6.000,0.000,0.000,17.0
11/12/2007,10:11:00,1.406,0.064,236.060,6.000,0.000,0.000,17.0
11/12/2007,10:12:00,1.422,0.060,237.590,6.000,0.000,0.000,17.0
11/12/2007,10:13:00,1.420,0.060,237.380,6.000,0.000,0.000,18.0
11/12/2007,10:14:00,1.420,0.060,237.190,6.000,0.000,0.000,17.0
11/12/2007,10:15:00,1.442,0.058,239.410,6.000,0.000,0.000,18.0
11/12/2007,10:16:00,1.452,0.056,240.450,6.000,0.000,0.000,17.0
11/12/2007,10:17:00,1.504,0.000,240.450,6.400,0.000,0.000,18.0
11/12/2007,10:18:00,1.542,0.068,241.280,6.400,0.000,1.000,18.0
11/12/2007,10:19:00,1.574,0.092,241.140,6.600,0.000,1.000,18.0
11/12/2007,10:20:00,1.660,0.214,241.060,7.000,0.000,2.000,17.0
11/12/2007,10:21:00,1.730,0.308,241.570,7.200,0.000,1.000,18.0
11/12/2007,10:22:00,1.718,0.304,240.660,7.200,0.000,2.000,18.0
11/12/2007,10:23:00,1.704,0.300,239.760,7.200,0.000,1.000,18.0
11/12/2007,10:24:00,1.708,0.300,240.200,7.200,0.000,1.000,17.0
11/12/2007,10:25:00,1.724,0.308,241.870,7.200,0.000,2.000,18.0
11/12/2007,10:26:00,1.726,0.312,242.380,7.200,0.000,1.000,18.0
11/12/2007,10:27:00,1.726,0.312,242.580,7.200,0.000,2.000,18.0
11/12/2007,10:28:00,1.730,0.316,243.210,7.200,0.000,1.000,19.0
11/12/2007,10:29:00,1.726,0.316,242.960,7.200,0.000,2.000,18.0
11/12/2007,10:30:00,1.714,0.310,242.270,7.200,0.000,1.000,18.0
11/12/2007,10:31:00,1.648,0.206,242.680,6.800,0.000,1.000,18.0
11/12/2007,10:32:00,1.564,0.082,242.180,6.400,0.000,0.000,18.0
11/12/2007,10:33:00,1.558,0.080,241.660,6.400,0.000,0.000,18.0
11/12/2007,10:34:00,1.560,0.082,241.960,6.400,0.000,0.000,18.0
11/12/2007,10:35:00,1.506,0.000,242.520,6.200,0.000,0.000,18.0
11/12/2007,10:36:00,1.476,0.050,242.860,6.000,0.000,0.000,18.0
11/12/2007,10:37:00,1.470,0.050,242.410,6.000,0.000,0.000,18.0
11/12/2007,10:38:00,1.470,0.052,242.330,6.000,0.000,0.000,18.0
11/12/2007,10:39:00,1.474,0.050,242.860,6.000,0.000,0.000,18.0
11/12/2007,10:40:00,1.476,0.052,242.980,6.000,0.000,0.000,18.0
11/12/2007,10:41:00,1.450,0.054,240.520,6.000,0.000,0.000,18.0
11/12/2007,10:42:00,1.430,0.056,238.360,6.000,0.000,0.000,17.0
11/12/2007,10:43:00,1.440,0.056,238.540,6.000,0.000,0.000,17.0
